2.8411e+01 5.4474e+01 4.1045e+01 3.7400e+01 5.9588e+01
5.0496e+01 6.6181e+01 3.7400e+01 5.9588e+01 4.5782e+01
5.1121e+01 5.8845e+01 5.9588e+01 4.5782e+01 4.9112e+01
5.8101e+01 5.8394e+01 4.5782e+01 4.9112e+01 5.5912e+01
5.4895e+01 5.8678e+01 4.9112e+01 5.5912e+01 5.6559e+01
6.4096e+01 7.7442e+01 5.5912e+01 5.6559e+01 4.8962e+01
3.2389e+01 4.3166e+01 5.6559e+01 4.8962e+01 3.8771e+01
3.7400e+01 4.5355e+01 4.8962e+01 3.8771e+01 5.0999e+01
5.9588e+01 4.0344e+01 3.8771e+01 5.0999e+01 5.5912e+01
4.5988e+01 4.5782e+01 5.0999e+01 5.5912e+01 5.2263e+01
4.4678e+01 4.1045e+01 5.5912e+01 5.2263e+01 4.1377e+01
4.0344e+01 3.7400e+01 5.2263e+01 4.1377e+01 4.5571e+01
5.4474e+01 5.9588e+01 4.1377e+01 4.5571e+01 4.7674e+01
6.6181e+01 4.5782e+01 4.5571e+01 4.7674e+01 5.7166e+01
5.8845e+01 4.9112e+01 4.7674e+01 5.7166e+01 5.3760e+01
5.8394e+01 5.5912e+01 5.7166e+01 5.3760e+01 4.9689e+01
5.8678e+01 5.6559e+01 5.3760e+01 4.9689e+01 5.6132e+01
7.7442e+01 4.8962e+01 4.9689e+01 5.6132e+01 5.9329e+01
4.3166e+01 3.8771e+01 5.6132e+01 5.9329e+01 6.6259e+01
4.5355e+01 5.0999e+01 5.9329e+01 6.6259e+01 5.6833e+01
4.0344e+01 5.5912e+01 6.6259e+01 5.6833e+01 5.5610e+01
4.5782e+01 5.2263e+01 5.6833e+01 5.5610e+01 5.1121e+01
4.1045e+01 4.1377e+01 5.5610e+01 5.1121e+01 4.5988e+01
3.7400e+01 4.5571e+01 5.1121e+01 4.5988e+01 4.5988e+01
5.9588e+01 4.7674e+01 4.5988e+01 4.5988e+01 4.7500e+01
4.5782e+01 5.7166e+01 4.5988e+01 4.7500e+01 4.7324e+01
4.9112e+01 5.3760e+01 4.7500e+01 4.7324e+01 4.5355e+01
5.5912e+01 4.9689e+01 4.7324e+01 4.5355e+01 5.6697e+01
5.6559e+01 5.6132e+01 4.5355e+01 5.6697e+01 4.8499e+01
4.8962e+01 5.9329e+01 5.6697e+01 4.8499e+01 6.2138e+01
3.8771e+01 6.6259e+01 4.8499e+01 6.2138e+01 6.9075e+01
5.0999e+01 5.6833e+01 6.2138e+01 6.9075e+01 4.6190e+01
5.5912e+01 5.5610e+01 6.9075e+01 4.6190e+01 5.3667e+01
5.2263e+01 5.1121e+01 4.6190e+01 5.3667e+01 5.2476e+01
4.1377e+01 4.5988e+01 5.3667e+01 5.2476e+01 4.5135e+01
4.5571e+01 4.5988e+01 5.2476e+01 4.5135e+01 3.3901e+01
4.7674e+01 4.7500e+01 4.5135e+01 3.3901e+01 5.0876e+01
5.7166e+01 4.7324e+01 3.3901e+01 5.0876e+01 3.1535e+01
5.3760e+01 4.5355e+01 5.0876e+01 3.1535e+01 3.8771e+01
4.9689e+01 5.6697e+01 3.1535e+01 3.8771e+01 6.0467e+01
5.6132e+01 4.8499e+01 3.8771e+01 6.0467e+01 5.1934e+01
5.9329e+01 6.2138e+01 6.0467e+01 5.1934e+01 6.4160e+01
6.6259e+01 6.9075e+01 5.1934e+01 6.4160e+01 6.3183e+01
5.6833e+01 4.6190e+01 6.4160e+01 6.3183e+01 7.0245e+01
5.5610e+01 5.3667e+01 6.3183e+01 7.0245e+01 5.4474e+01
5.1121e+01 5.2476e+01 7.0245e+01 5.4474e+01 4.6389e+01
4.5988e+01 4.5135e+01 5.4474e+01 4.6389e+01 3.7400e+01
4.5988e+01 3.3901e+01 4.6389e+01 3.7400e+01 4.2312e+01
4.7500e+01 5.0876e+01 3.7400e+01 4.2312e+01 4.0701e+01
4.7324e+01 3.1535e+01 4.2312e+01 4.0701e+01 4.1045e+01
4.5355e+01 3.8771e+01 4.0701e+01 4.1045e+01 5.2890e+01
5.6697e+01 6.0467e+01 4.1045e+01 5.2890e+01 4.7845e+01
4.8499e+01 5.1934e+01 5.2890e+01 4.7845e+01 5.5219e+01
6.2138e+01 6.4160e+01 4.7845e+01 5.5219e+01 5.2990e+01
6.9075e+01 6.3183e+01 5.5219e+01 5.2990e+01 4.3166e+01
4.6190e+01 7.0245e+01 5.2990e+01 4.3166e+01 4.4678e+01
5.3667e+01 5.4474e+01 4.3166e+01 4.4678e+01 5.2685e+01
5.2476e+01 4.6389e+01 4.4678e+01 5.2685e+01 4.2312e+01
4.5135e+01 3.7400e+01 5.2685e+01 4.2312e+01 4.2605e+01
3.3901e+01 4.2312e+01 4.2312e+01 4.2605e+01 3.5805e+01
5.0876e+01 4.0701e+01 4.2605e+01 3.5805e+01 3.6897e+01
3.1535e+01 4.1045e+01 3.5805e+01 3.6897e+01 5.0876e+01
3.8771e+01 5.2890e+01 3.6897e+01 5.0876e+01 6.4841e+01
6.0467e+01 4.7845e+01 5.0876e+01 6.4841e+01 5.0624e+01
5.1934e+01 5.5219e+01 6.4841e+01 5.0624e+01 5.3667e+01
6.4160e+01 5.2990e+01 5.0624e+01 5.3667e+01 7.0928e+01
6.3183e+01 4.3166e+01 5.3667e+01 7.0928e+01 6.1817e+01
7.0245e+01 4.4678e+01 7.0928e+01 6.1817e+01 6.8328e+01
5.4474e+01 5.2685e+01 6.1817e+01 6.8328e+01 5.9689e+01
4.6389e+01 4.2312e+01 6.8328e+01 5.9689e+01 4.4909e+01
3.7400e+01 4.2605e+01 5.9689e+01 4.4909e+01 4.6583e+01
4.2312e+01 3.5805e+01 4.4909e+01 4.6583e+01 4.6583e+01
4.1045e+01 5.0876e+01 4.6583e+01 5.0199e+01 5.8101e+01
5.2890e+01 6.4841e+01 5.0199e+01 5.8101e+01 5.2263e+01
4.7845e+01 5.0624e+01 5.8101e+01 5.2263e+01 5.5912e+01
5.5219e+01 5.3667e+01 5.2263e+01 5.5912e+01 5.9890e+01
5.2990e+01 7.0928e+01 5.5912e+01 5.9890e+01 5.7860e+01
4.3166e+01 6.1817e+01 5.9890e+01 5.7860e+01 5.9890e+01
4.4678e+01 6.8328e+01 5.7860e+01 5.9890e+01 4.6773e+01
5.2685e+01 5.9689e+01 5.9890e+01 4.6773e+01 3.5805e+01
4.2312e+01 4.4909e+01 4.6773e+01 3.5805e+01 4.8656e+01
4.2605e+01 4.6583e+01 3.5805e+01 4.8656e+01 2.8411e+01
3.5805e+01 4.6583e+01 4.8656e+01 2.8411e+01 3.1535e+01
3.6897e+01 5.0199e+01 2.8411e+01 3.1535e+01 3.5211e+01
5.0876e+01 5.8101e+01 3.1535e+01 3.5211e+01 4.7144e+01
6.4841e+01 5.2263e+01 3.5211e+01 4.7144e+01 4.3951e+01
5.0624e+01 5.5912e+01 4.7144e+01 4.3951e+01 4.2312e+01
4.0701e+01 3.6897e+01 4.6583e+01 4.6583e+01 5.0199e+01
