2.330000000000000127e-01 3.086999999999999744e+00 2.900000000000000147e-02 4.184000000000000163e+00 1.250000000000000000e-01 4.450000000000000178e+00 5.099999999999999672e-02 8.300000000000000711e+00 1.019999999999999929e+01 4.954822504782752901e+01
2.330000000000000127e-01 3.086999999999999744e+00 2.900000000000000147e-02 4.685999999999999943e+00 2.690000000000000169e-01 4.450000000000000178e+00 5.099999999999999672e-02 8.099999999999999645e+00 7.799999999999999822e+00 4.954822504782752901e+01
2.330000000000000127e-01 3.086999999999999744e+00 2.900000000000000147e-02 3.640000000000000124e+00 2.049999999999999878e-01 4.450000000000000178e+00 5.099999999999999672e-02 8.500000000000000000e+00 9.300000000000000711e+00 4.954822504782752901e+01
2.330000000000000127e-01 3.086999999999999744e+00 2.900000000000000147e-02 4.028999999999999915e+00 1.829999999999999960e-01 4.450000000000000178e+00 5.099999999999999672e-02 8.199999999999999289e+00 7.900000000000000355e+00 4.954822504782752901e+01
2.330000000000000127e-01 3.086999999999999744e+00 2.900000000000000147e-02 3.907999999999999918e+00 1.250000000000000000e-01 4.450000000000000178e+00 5.099999999999999672e-02 8.099999999999999645e+00 7.799999999999999822e+00 4.954822504782752901e+01
2.330000000000000127e-01 3.086999999999999744e+00 2.900000000000000147e-02 4.775999999999999801e+00 2.349999999999999867e-01 4.450000000000000178e+00 5.099999999999999672e-02 8.000000000000000000e+00 8.199999999999999289e+00 4.954822504782752901e+01
2.330000000000000127e-01 3.086999999999999744e+00 2.900000000000000147e-02 4.027000000000000135e+00 1.340000000000000080e-01 4.450000000000000178e+00 5.099999999999999672e-02 7.900000000000000355e+00 8.500000000000000000e+00 4.954822504782752901e+01
2.330000000000000127e-01 3.086999999999999744e+00 2.900000000000000147e-02 4.323999999999999844e+00 1.419999999999999873e-01 4.450000000000000178e+00 5.099999999999999672e-02 7.900000000000000355e+00 8.099999999999999645e+00 4.954822504782752901e+01
2.330000000000000127e-01 3.086999999999999744e+00 2.900000000000000147e-02 3.371999999999999886e+00 7.000000000000000666e-02 4.450000000000000178e+00 5.099999999999999672e-02 7.900000000000000355e+00 1.100000000000000000e+01 4.954822504782752901e+01
2.330000000000000127e-01 3.086999999999999744e+00 2.900000000000000147e-02 4.354000000000000092e+00 7.599999999999999811e-02 4.450000000000000178e+00 5.099999999999999672e-02 8.300000000000000711e+00 1.269999999999999929e+01 4.954822504782752901e+01
2.330000000000000127e-01 3.086999999999999744e+00 2.900000000000000147e-02 7.905999999999999694e+00 3.479999999999999760e-01 4.450000000000000178e+00 5.099999999999999672e-02 8.099999999999999645e+00 1.150000000000000000e+01 4.954822504782752901e+01
2.330000000000000127e-01 3.086999999999999744e+00 2.900000000000000147e-02 2.503000000000000114e+00 2.699999999999999969e-02 4.450000000000000178e+00 5.099999999999999672e-02 8.400000000000000355e+00 1.209999999999999964e+01 4.954822504782752901e+01
2.330000000000000127e-01 3.086999999999999744e+00 2.900000000000000147e-02 3.105999999999999872e+00 3.799999999999999906e-02 4.450000000000000178e+00 5.099999999999999672e-02 8.800000000000000711e+00 1.190000000000000036e+01 4.954822504782752901e+01
2.330000000000000127e-01 3.086999999999999744e+00 2.900000000000000147e-02 2.685999999999999943e+00 6.400000000000000133e-02 4.450000000000000178e+00 5.099999999999999672e-02 8.699999999999999289e+00 1.200000000000000000e+01 4.954822504782752901e+01
2.330000000000000127e-01 3.086999999999999744e+00 2.900000000000000147e-02 2.136000000000000121e+00 6.500000000000000222e-02 4.450000000000000178e+00 5.099999999999999672e-02 7.799999999999999822e+00 8.500000000000000000e+00 4.954822504782752901e+01
2.330000000000000127e-01 3.086999999999999744e+00 2.900000000000000147e-02 5.506000000000000227e+00 1.789999999999999925e-01 4.450000000000000178e+00 5.099999999999999672e-02 7.400000000000000355e+00 6.500000000000000000e+00 4.954822504782752901e+01
2.330000000000000127e-01 3.086999999999999744e+00 2.900000000000000147e-02 4.868000000000000327e+00 1.739999999999999880e-01 4.450000000000000178e+00 5.099999999999999672e-02 7.400000000000000355e+00 7.000000000000000000e+00 4.954822504782752901e+01
2.330000000000000127e-01 3.086999999999999744e+00 2.900000000000000147e-02 4.035000000000000142e+00 1.779999999999999916e-01 4.450000000000000178e+00 5.099999999999999672e-02 8.099999999999999645e+00 8.699999999999999289e+00 4.954822504782752901e+01
2.330000000000000127e-01 3.086999999999999744e+00 2.900000000000000147e-02 3.407999999999999918e+00 1.529999999999999971e-01 4.450000000000000178e+00 5.099999999999999672e-02 8.099999999999999645e+00 9.000000000000000000e+00 4.954822504782752901e+01
2.330000000000000127e-01 3.086999999999999744e+00 2.900000000000000147e-02 4.778999999999999915e+00 1.660000000000000087e-01 4.450000000000000178e+00 5.099999999999999672e-02 8.000000000000000000e+00 9.300000000000000711e+00 4.954822504782752901e+01
2.330000000000000127e-01 3.086999999999999744e+00 2.900000000000000147e-02 5.450000000000000178e+00 1.570000000000000007e-01 4.450000000000000178e+00 5.099999999999999672e-02 8.000000000000000000e+00 1.000000000000000000e+01 4.954822504782752901e+01
2.330000000000000127e-01 3.086999999999999744e+00 2.900000000000000147e-02 3.286999999999999922e+00 1.799999999999999864e-02 4.450000000000000178e+00 5.099999999999999672e-02 8.300000000000000711e+00 1.230000000000000071e+01 4.954822504782752901e+01
2.330000000000000127e-01 3.086999999999999744e+00 2.900000000000000147e-02 3.649999999999999911e+00 3.500000000000000333e-02 4.450000000000000178e+00 5.099999999999999672e-02 8.099999999999999645e+00 1.090000000000000036e+01 4.954822504782752901e+01
2.330000000000000127e-01 3.086999999999999744e+00 2.900000000000000147e-02 5.121999999999999886e+00 2.169999999999999984e-01 4.450000000000000178e+00 5.099999999999999672e-02 8.300000000000000711e+00 1.050000000000000000e+01 4.954822504782752901e+01
2.330000000000000127e-01 3.086999999999999744e+00 2.900000000000000147e-02 5.384000000000000341e+00 2.630000000000000115e-01 4.450000000000000178e+00 5.099999999999999672e-02 8.199999999999999289e+00 9.599999999999999645e+00 4.954822504782752901e+01
2.330000000000000127e-01 3.086999999999999744e+00 2.900000000000000147e-02 5.147999999999999687e+00 4.099999999999999756e-01 4.450000000000000178e+00 5.099999999999999672e-02 7.900000000000000355e+00 7.299999999999999822e+00 4.954822504782752901e+01
2.330000000000000127e-01 3.086999999999999744e+00 2.900000000000000147e-02 5.334999999999999964e+00 2.230000000000000038e-01 4.450000000000000178e+00 5.099999999999999672e-02 8.699999999999999289e+00 1.350000000000000000e+01 4.954822504782752901e+01
2.330000000000000127e-01 3.086999999999999744e+00 2.900000000000000147e-02 4.350999999999999979e+00 2.379999999999999893e-01 4.450000000000000178e+00 5.099999999999999672e-02 8.199999999999999289e+00 8.900000000000000355e+00 4.954822504782752901e+01
2.330000000000000127e-01 3.086999999999999744e+00 2.900000000000000147e-02 3.801000000000000156e+00 2.710000000000000187e-01 4.450000000000000178e+00 5.099999999999999672e-02 8.300000000000000711e+00 9.699999999999999289e+00 4.954822504782752901e+01
2.330000000000000127e-01 3.086999999999999744e+00 2.900000000000000147e-02 4.036999999999999922e+00 2.020000000000000129e-01 4.450000000000000178e+00 5.099999999999999672e-02 8.199999999999999289e+00 9.699999999999999289e+00 4.954822504782752901e+01
2.330000000000000127e-01 3.086999999999999744e+00 2.900000000000000147e-02 4.501999999999999780e+00 2.250000000000000056e-01 4.450000000000000178e+00 5.099999999999999672e-02 7.900000000000000355e+00 9.500000000000000000e+00 4.954822504782752901e+01
2.330000000000000127e-01 3.086999999999999744e+00 2.900000000000000147e-02 6.190999999999999837e+00 1.439999999999999891e-01 4.450000000000000178e+00 5.099999999999999672e-02 7.700000000000000178e+00 1.019999999999999929e+01 4.954822504782752901e+01
2.330000000000000127e-01 3.086999999999999744e+00 2.900000000000000147e-02 5.286999999999999922e+00 2.359999999999999876e-01 4.450000000000000178e+00 5.099999999999999672e-02 7.700000000000000178e+00 1.019999999999999929e+01 4.954822504782752901e+01
2.330000000000000127e-01 3.086999999999999744e+00 2.900000000000000147e-02 7.596000000000000085e+00 3.609999999999999876e-01 4.450000000000000178e+00 5.099999999999999672e-02 7.900000000000000355e+00 1.190000000000000036e+01 4.954822504782752901e+01
2.330000000000000127e-01 3.086999999999999744e+00 2.900000000000000147e-02 6.000000000000000000e+00 2.710000000000000187e-01 4.450000000000000178e+00 5.099999999999999672e-02 8.099999999999999645e+00 1.219999999999999929e+01 4.954822504782752901e+01
2.330000000000000127e-01 3.086999999999999744e+00 2.900000000000000147e-02 6.543999999999999595e+00 3.820000000000000062e-01 4.450000000000000178e+00 5.099999999999999672e-02 8.199999999999999289e+00 1.030000000000000071e+01 4.954822504782752901e+01
2.330000000000000127e-01 3.086999999999999744e+00 2.900000000000000147e-02 4.817000000000000171e+00 3.340000000000000191e-01 4.450000000000000178e+00 5.099999999999999672e-02 8.599999999999999645e+00 1.180000000000000071e+01 4.954822504782752901e+01
2.330000000000000127e-01 3.086999999999999744e+00 2.900000000000000147e-02 3.693000000000000060e+00 2.179999999999999993e-01 4.450000000000000178e+00 5.099999999999999672e-02 8.400000000000000355e+00 1.009999999999999964e+01 4.954822504782752901e+01
2.330000000000000127e-01 3.086999999999999744e+00 2.900000000000000147e-02 3.392999999999999794e+00 2.369999999999999885e-01 4.450000000000000178e+00 5.099999999999999672e-02 8.099999999999999645e+00 7.500000000000000000e+00 4.954822504782752901e+01
2.330000000000000127e-01 3.086999999999999744e+00 2.900000000000000147e-02 3.763999999999999790e+00 1.539999999999999980e-01 4.450000000000000178e+00 5.099999999999999672e-02 8.000000000000000000e+00 7.500000000000000000e+00 4.954822504782752901e+01
2.330000000000000127e-01 3.086999999999999744e+00 2.900000000000000147e-02 4.033000000000000362e+00 1.849999999999999978e-01 4.450000000000000178e+00 5.099999999999999672e-02 8.000000000000000000e+00 8.099999999999999645e+00 4.954822504782752901e+01
2.330000000000000127e-01 3.086999999999999744e+00 2.900000000000000147e-02 3.584999999999999964e+00 1.459999999999999909e-01 4.450000000000000178e+00 5.099999999999999672e-02 8.000000000000000000e+00 9.500000000000000000e+00 4.954822504782752901e+01
2.330000000000000127e-01 3.086999999999999744e+00 2.900000000000000147e-02 3.829000000000000181e+00 1.670000000000000095e-01 4.450000000000000178e+00 5.099999999999999672e-02 7.900000000000000355e+00 9.000000000000000000e+00 4.954822504782752901e+01
2.330000000000000127e-01 3.086999999999999744e+00 2.900000000000000147e-02 5.386000000000000121e+00 2.220000000000000029e-01 4.450000000000000178e+00 5.099999999999999672e-02 7.900000000000000355e+00 9.000000000000000000e+00 4.954822504782752901e+01
2.330000000000000127e-01 3.086999999999999744e+00 2.900000000000000147e-02 5.389999999999999680e+00 3.109999999999999987e-01 4.450000000000000178e+00 5.099999999999999672e-02 8.000000000000000000e+00 1.319999999999999929e+01 4.954822504782752901e+01
2.330000000000000127e-01 3.086999999999999744e+00 2.900000000000000147e-02 4.940000000000000391e+00 2.260000000000000064e-01 4.450000000000000178e+00 5.099999999999999672e-02 8.199999999999999289e+00 1.209999999999999964e+01 4.954822504782752901e+01
2.330000000000000127e-01 3.086999999999999744e+00 2.900000000000000147e-02 4.399000000000000021e+00 2.059999999999999887e-01 4.450000000000000178e+00 5.099999999999999672e-02 8.199999999999999289e+00 1.190000000000000036e+01 4.954822504782752901e+01
2.330000000000000127e-01 3.086999999999999744e+00 2.900000000000000147e-02 4.168000000000000149e+00 2.359999999999999876e-01 4.450000000000000178e+00 5.099999999999999672e-02 8.400000000000000355e+00 1.140000000000000036e+01 4.954822504782752901e+01
