1.753,3.657,0.222,6.176,0.256,5.971,0.233,7.1,17.0,66.58971888607286
1.842,1.871,0.152,5.208,0.235,5.014,0.23,8.1,16.0,74.3426690996962
1.649,1.956,0.087,4.577,0.151,4.201,0.137,7.9,12.6,72.52680671009149
1.153,2.113,0.105,4.558,0.184,4.265,0.146,7.9,12.7,72.02218118117278
0.419,2.704,0.065,3.615,0.094,3.516,0.083,7.3,10.2,55.837325978331705
0.402,2.387,0.075,3.217,0.114,3.08,0.094,7.8,9.4,55.837325978331705
0.082,2.207,0.058,2.641,0.123,2.608,0.096,8.2,10.0,43.434744960768256
0.342,1.873,0.077,2.715,0.111,2.653,0.099,7.8,9.6,39.97356727571915
0.35,2.746,0.097,3.979,0.125,3.886,0.107,8.0,8.3,56.34799888912059
0.338,3.157,0.141,3.954,0.182,3.782,0.167,8.0,9.8,59.78994504477979
0.317,3.193,0.138,4.007,0.171,3.895,0.159,7.7,9.9,64.53736430280195
0.676,3.058,0.167,4.011,0.212,3.904,0.198,7.6,12.7,48.65579190362935
1.41,3.457,0.135,5.304,0.207,5.148,0.172,8.1,15.5,71.11878254749976
1.397,2.711,0.095,4.981,0.199,4.703,0.104,8.5,16.4,77.20731622149839
1.096,1.926,0.09,3.952,0.182,3.786,0.123,7.7,12.8,73.07157767397955
0.406,1.758,0.039,2.723,0.079,2.484,0.055,8.0,11.8,65.25113356831258
0.869,1.518,0.105,2.851,0.131,2.611,0.114,8.0,10.0,68.13762279842237
0.322,1.431,0.143,2.403,0.151,2.203,0.147,7.9,7.8,62.29419112214539
0.275,1.505,0.132,2.437,0.147,2.122,0.141,7.5,7.9,54.976934234420284
0.217,1.6,0.09,2.359,0.109,2.254,0.104,8.0,8.1,57.487640634706224
0.194,1.637,0.058,2.349,0.087,2.253,0.081,8.1,12.7,55.53311555588719
0.219,2.417,0.11,2.927,0.162,2.783,0.147,7.7,10.4,61.23039990922098
0.283,2.614,0.074,3.116,0.136,2.966,0.122,7.4,12.0,49.54822504782753
0.522,2.606,0.071,3.512,0.111,3.354,0.103,7.4,13.2,44.678179193088255
1.17,2.294,0.158,3.851,0.17,3.76,0.164,7.7,14.2,54.300114165133294
1.054,2.203,0.079,3.856,0.115,3.702,0.099,7.7,15.0,55.61005712677986
0.929,2.086,0.047,4.003,0.087,3.73,0.054,7.7,13.0,65.75432078625444
0.638,1.934,0.056,3.247,0.114,3.077,0.073,7.7,12.4,62.56192703799074
0.505,1.811,0.046,3.18,0.12,3.02,0.089,8.0,10.4,62.85922251653992
0.4,1.784,0.046,2.75,0.102,2.464,0.07,7.7,9.5,60.085746349234235
0.203,1.669,0.037,2.384,0.094,2.114,0.055,7.3,7.7,41.37738655183416
0.274,1.56,0.061,2.546,0.103,2.423,0.075,7.4,7.8,52.47644126556186
0.494,1.826,0.1,3.103,0.138,2.999,0.112,7.4,7.3,52.58136205179716
0.251,2.035,0.058,3.548,0.108,3.044,0.066,7.7,9.1,63.496919901871166
0.496,2.301,0.103,3.847,0.134,3.769,0.118,7.6,11.3,51.47795303438132
0.669,2.86,0.085,4.589,0.126,4.316,0.1,7.4,13.7,48.65579190362935
1.069,3.205,0.068,5.907,0.138,5.609,0.098,7.8,14.6,62.59958543356404
1.022,3.056,0.088,4.994,0.148,4.809,0.111,7.8,13.8,59.8895398088418
0.658,2.822,0.094,4.012,0.156,3.759,0.106,7.7,12.6,67.9868624218826
0.719,2.416,0.122,4.067,0.192,3.761,0.147,7.7,11.3,60.278105453554204
0.707,2.3,0.128,3.543,0.182,3.39,0.15,7.8,8.7,54.38731473929647
0.906,1.736,0.142,3.189,0.21,2.976,0.17,8.0,8.0,59.27621510685492
0.571,1.685,0.134,2.718,0.201,2.505,0.159,8.0,7.9,61.93886052785473
0.361,1.895,0.072,2.628,0.119,2.474,0.094,8.0,7.9,60.651864945092775
0.394,2.295,0.101,3.096,0.164,2.93,0.107,7.8,7.9,57.67569751172296
0.352,2.635,0.109,3.543,0.149,3.389,0.114,7.9,8.3,55.21916876393183
0.511,3.323,0.097,4.318,0.14,4.249,0.119,7.7,10.6,45.35499926237525
0.792,3.798,0.121,5.158,0.149,5.028,0.132,7.5,13.5,51.70878721397533
1.13,3.809,0.135,5.977,0.167,5.82,0.14,7.6,13.3,59.008896114446166
1.541,3.719,0.127,6.015,0.176,5.853,0.139,7.4,13.9,57.487640634706224
1.576,3.266,0.08,6.366,0.189,5.922,0.095,7.5,13.1,71.07135296276431
1.053,2.509,0.1,4.685,0.164,4.341,0.113,7.7,10.9,66.81240183960585
0.773,2.353,0.133,4.395,0.195,4.144,0.135,7.9,9.0,62.895758871622455
0.772,2.395,0.173,3.991,0.264,3.866,0.192,8.2,8.1,64.65999089951906
1.021,2.096,0.216,3.866,0.282,3.708,0.23,7.9,8.0,61.69461554644558
0.637,2.383,0.142,3.72,0.21,3.567,0.148,7.8,7.1,62.711700939593776
0.997,3.559,0.165,5.579,0.246,5.437,0.176,7.7,6.1,62.409830968072924
0.757,4.053,0.168,5.539,0.22,5.446,0.175,7.8,8.0,59.223330881746776
1.502,4.322,0.225,6.35,0.269,6.171,0.234,7.7,9.6,48.65579190362935
1.331,3.867,0.105,6.317,0.145,6.146,0.119,7.8,11.8,64.12789876624711
1.862,6.415,0.021,9.387,0.117,9.002,0.04,8.4,14.6,77.5571155885483
4.355,6.115,0.081,11.85,0.174,11.491,0.1,7.7,13.2,67.8777400508875
1.136,3.716,0.012,5.658,0.087,5.054,0.023,8.2,13.7,64.7811035489358
0.734,2.88,0.01,4.503,0.087,4.19,0.035,7.7,11.4,52.1547731036683
0.579,2.181,0.022,3.495,0.078,3.341,0.04,7.9,10.1,60.1341908921283
0.605,2.849,0.021,3.851,0.093,3.687,0.056,7.7,8.5,62.0983762376069
0.193,2.286,0.028,2.925,0.08,2.734,0.036,8.3,9.2,57.4241452674061
0.228,2.325,0.033,3.038,0.102,2.931,0.062,8.2,6.8,60.3256115996617
0.267,3.245,0.065,3.809,0.123,3.715,0.072,8.1,7.2,61.359198258265
0.32,3.91,0.059,4.556,0.155,4.436,0.069,8.0,8.0,53.943347575817
0.56,4.932,0.048,5.867,0.099,5.764,0.062,7.9,10.2,40.7005664825472
0.891,4.328,0.039,6.437,0.09,6.271,0.058,7.9,11.3,53.6669912727737
0.766,4.439,0.015,5.899,0.049,5.613,0.042,8.0,13.1,52.1547731036683
1.395,5.011,0.012,6.91,0.051,6.693,0.029,7.9,13.6,54.6443600124819
2.448,3.39,0.01,7.019,0.068,6.824,0.034,8.4,12.6,67.0778792948473
1.383,3.244,0.017,5.452,0.082,5.146,0.034,8.1,10.2,65.2797759244263
1.833,3.186,0.035,5.581,0.084,5.485,0.043,8.1,8.6,53.1883597622716
0.759,2.468,0.033,4.669,0.099,4.476,0.049,8.0,8.9,63.9001273403464
0.27,1.941,0.056,2.639,0.137,2.574,0.082,8.0,7.7,53.7599777509678
0.221,2.053,0.053,2.734,0.095,2.629,0.057,7.8,8.2,53.943347575817
0.123,2.75,0.025,3.279,0.071,3.182,0.028,8.0,8.5,60.5133685271286
0.043,3.017,0.016,3.613,0.109,3.474,0.026,8.5,9.2,65.0189333788298
0.202,3.853,0.024,4.452,0.068,4.276,0.032,8.2,10.3,60.4667651140668
0.55,4.008,0.006,5.153,0.048,5.002,0.02,8.1,14.3,67.1490525211916
1.241,3.957,0.014,5.803,0.043,5.643,0.029,8.0,13.8,51.9343143877596
2.138,3.729,0.009,6.453,0.03,6.175,0.014,8.1,13.0,58.2777268756744
1.49,2.67,0.013,4.934,0.065,4.683,0.027,7.9,12.2,67.7673901809106
1.475,2.52,0.017,4.828,0.085,4.586,0.029,7.7,10.4,63.5992860481114
0.634,2.467,0.021,3.566,0.051,3.456,0.028,7.8,9.7,62.3714356157326
0.179,2.29,0.029,3.061,0.073,2.875,0.038,8.3,10.1,66.4637864763506
0.196,2.376,0.034,2.866,0.087,2.723,0.043,7.8,9.1,63.8008684834221
1.016,2.444,0.05,4.172,0.139,3.992,0.07,7.6,6.9,61.6118302450297
0.122,3.151,0.035,3.568,0.106,3.403,0.042,8.3,9.4,63.8008684834221
0.104,3.18,0.016,3.722,0.072,3.559,0.026,8.4,10.3,65.5894429555707
0.355,3.496,0.019,4.261,0.068,4.126,0.03,7.8,10.2,55.377398000664
0.511,3.401,0.006,4.291,0.032,4.142,0.016,7.6,12.3,52.3703861785795
1.379,3.615,0.005,5.695,0.057,5.465,0.02,8.3,13.0,60.4667651140668
1.602,3.58,0.009,5.891,0.062,5.653,0.021,8.1,12.0,62.3328893971803
0.3,2.821,0.007,3.737,0.07,3.538,0.021,8.5,12.2,69.658996357833
0.394,2.681,0.013,3.635,0.048,3.445,0.024,8.1,9.6,59.8398688166481
0.652,1.627,0.035,3.466,0.095,3.205,0.049,8.1,8.5,62.9684258705583
0.616,2.434,0.041,3.66,0.096,3.433,0.054,8.1,7.3,60.7884332759603
0.243,2.24,0.036,2.904,0.109,2.784,0.054,8.2,7.2,63.4969199018712
0.079,2.047,0.032,2.574,0.087,2.457,0.042,7.9,8.0,62.177171841957
0.1,2.931,0.017,3.766,0.069,3.412,0.031,8.2,9.8,69.3617008792838
0.241,3.232,0.023,4.087,0.04,4.0,0.033,7.9,9.7,52.4764412655619
0.431,3.665,0.02,4.808,0.049,4.598,0.036,8.0,11.7,52.3703861785795
0.515,3.148,0.008,4.458,0.028,4.165,0.017,8.4,12.8,52.6851725443297
0.55,3.611,0.004,4.998,0.04,4.735,0.013,8.1,13.4,59.7899450447798
0.29,3.174,0.004,4.485,0.064,4.217,0.015,8.6,12.5,68.3490533961864
0.177,2.86,0.008,4.655,0.078,4.443,0.023,8.7,11.9,69.6772815448604
