6.6590e+01 7.1119e+01 4.9548e+01 4.4678e+01 5.4300e+01
7.4343e+01 7.7207e+01 4.4678e+01 5.4300e+01 5.5610e+01
7.2527e+01 7.3072e+01 5.4300e+01 5.5610e+01 6.5754e+01
7.2022e+01 6.5251e+01 5.5610e+01 6.5754e+01 6.2562e+01
5.5837e+01 6.8138e+01 6.5754e+01 6.2562e+01 6.2859e+01
5.5837e+01 6.2294e+01 6.2562e+01 6.2859e+01 6.0086e+01
4.3435e+01 5.4977e+01 6.2859e+01 6.0086e+01 4.1377e+01
3.9974e+01 5.7488e+01 6.0086e+01 4.1377e+01 5.2476e+01
5.6348e+01 5.5533e+01 4.1377e+01 5.2476e+01 5.2581e+01
5.9790e+01 6.1230e+01 5.2476e+01 5.2581e+01 6.3497e+01
6.4537e+01 4.9548e+01 5.2581e+01 6.3497e+01 5.1478e+01
4.8656e+01 4.4678e+01 6.3497e+01 5.1478e+01 4.8656e+01
7.1119e+01 5.4300e+01 5.1478e+01 4.8656e+01 6.2600e+01
7.7207e+01 5.5610e+01 4.8656e+01 6.2600e+01 5.9890e+01
7.3072e+01 6.5754e+01 6.2600e+01 5.9890e+01 6.7987e+01
6.5251e+01 6.2562e+01 5.9890e+01 6.7987e+01 6.0278e+01
6.8138e+01 6.2859e+01 6.7987e+01 6.0278e+01 5.4387e+01
6.2294e+01 6.0086e+01 6.0278e+01 5.4387e+01 5.9276e+01
5.4977e+01 4.1377e+01 5.4387e+01 5.9276e+01 6.1939e+01
5.7488e+01 5.2476e+01 5.9276e+01 6.1939e+01 6.0652e+01
5.5533e+01 5.2581e+01 6.1939e+01 6.0652e+01 5.7676e+01
6.1230e+01 6.3497e+01 6.0652e+01 5.7676e+01 5.5219e+01
4.9548e+01 5.1478e+01 5.7676e+01 5.5219e+01 4.5355e+01
4.4678e+01 4.8656e+01 5.5219e+01 4.5355e+01 5.1709e+01
5.4300e+01 6.2600e+01 4.5355e+01 5.1709e+01 5.9009e+01
5.5610e+01 5.9890e+01 5.1709e+01 5.9009e+01 5.7488e+01
6.5754e+01 6.7987e+01 5.9009e+01 5.7488e+01 7.1071e+01
6.2562e+01 6.0278e+01 5.7488e+01 7.1071e+01 6.6812e+01
6.2859e+01 5.4387e+01 7.1071e+01 6.6812e+01 6.2896e+01
6.0086e+01 5.9276e+01 6.6812e+01 6.2896e+01 6.4660e+01
4.1377e+01 6.1939e+01 6.2896e+01 6.4660e+01 6.1695e+01
5.2476e+01 6.0652e+01 6.4660e+01 6.1695e+01 6.2712e+01
5.2581e+01 5.7676e+01 6.1695e+01 6.2712e+01 6.2410e+01
6.3497e+01 5.5219e+01 6.2712e+01 6.2410e+01 5.9223e+01
5.1478e+01 4.5355e+01 6.2410e+01 5.9223e+01 4.8656e+01
4.8656e+01 5.1709e+01 5.9223e+01 4.8656e+01 6.4128e+01
6.2600e+01 5.9009e+01 4.8656e+01 6.4128e+01 7.7557e+01
5.9890e+01 5.7488e+01 6.4128e+01 7.7557e+01 6.7878e+01
6.7987e+01 7.1071e+01 7.7557e+01 6.7878e+01 6.4781e+01
6.0278e+01 6.6812e+01 6.7878e+01 6.4781e+01 5.2155e+01
5.4387e+01 6.2896e+01 6.4781e+01 5.2155e+01 6.0134e+01
5.9276e+01 6.4660e+01 5.2155e+01 6.0134e+01 6.2098e+01
6.1939e+01 6.1695e+01 6.0134e+01 6.2098e+01 5.7424e+01
6.0652e+01 6.2712e+01 6.2098e+01 5.7424e+01 6.0326e+01
5.7676e+01 6.2410e+01 5.7424e+01 6.0326e+01 6.1359e+01
5.5219e+01 5.9223e+01 6.0326e+01 6.1359e+01 5.3943e+01
4.5355e+01 4.8656e+01 6.1359e+01 5.3943e+01 4.0701e+01
5.1709e+01 6.4128e+01 5.3943e+01 4.0701e+01 5.3667e+01
5.9009e+01 7.7557e+01 4.0701e+01 5.3667e+01 5.2155e+01
5.7488e+01 6.7878e+01 5.3667e+01 5.2155e+01 5.4644e+01
7.1071e+01 6.4781e+01 5.2155e+01 5.4644e+01 6.7078e+01
6.6812e+01 5.2155e+01 5.4644e+01 6.7078e+01 6.5280e+01
6.2896e+01 6.0134e+01 6.7078e+01 6.5280e+01 5.3188e+01
6.4660e+01 6.2098e+01 6.5280e+01 5.3188e+01 6.3900e+01
6.1695e+01 5.7424e+01 5.3188e+01 6.3900e+01 5.3760e+01
6.2712e+01 6.0326e+01 6.3900e+01 5.3760e+01 5.3943e+01
6.2410e+01 6.1359e+01 5.3760e+01 5.3943e+01 6.0513e+01
5.9223e+01 5.3943e+01 5.3943e+01 6.0513e+01 6.5019e+01
4.8656e+01 4.0701e+01 6.0513e+01 6.5019e+01 6.0467e+01
6.4128e+01 5.3667e+01 6.5019e+01 6.0467e+01 6.7149e+01
7.7557e+01 5.2155e+01 6.0467e+01 6.7149e+01 5.1934e+01
6.7878e+01 5.4644e+01 6.7149e+01 5.1934e+01 5.8278e+01
6.4781e+01 6.7078e+01 5.1934e+01 5.8278e+01 6.7767e+01
5.2155e+01 6.5280e+01 5.8278e+01 6.7767e+01 6.3599e+01
6.0134e+01 5.3188e+01 6.7767e+01 6.3599e+01 6.2371e+01
6.2098e+01 6.3900e+01 6.3599e+01 6.2371e+01 6.6464e+01
5.7424e+01 5.3760e+01 6.2371e+01 6.6464e+01 6.3801e+01
6.0326e+01 5.3943e+01 6.6464e+01 6.3801e+01 6.1612e+01
6.1359e+01 6.0513e+01 6.3801e+01 6.1612e+01 6.3801e+01
5.3943e+01 6.5019e+01 6.1612e+01 6.3801e+01 6.5589e+01
4.0701e+01 6.0467e+01 6.3801e+01 6.5589e+01 5.5377e+01
5.3667e+01 6.7149e+01 6.5589e+01 5.5377e+01 5.2370e+01
5.4644e+01 5.8278e+01 5.2370e+01 5.9891e+01 6.0467e+01
6.7078e+01 6.7767e+01 5.9891e+01 6.0467e+01 6.2333e+01
6.5280e+01 6.3599e+01 6.0467e+01 6.2333e+01 6.9659e+01
5.3188e+01 6.2371e+01 6.2333e+01 6.9659e+01 5.9840e+01
6.3900e+01 6.6464e+01 6.9659e+01 5.9840e+01 6.2968e+01
5.3760e+01 6.3801e+01 5.9840e+01 6.2968e+01 6.0788e+01
5.3943e+01 6.1612e+01 6.2968e+01 6.0788e+01 6.3497e+01
6.0513e+01 6.3801e+01 6.0788e+01 6.3497e+01 6.2177e+01
6.5019e+01 6.5589e+01 6.3497e+01 6.2177e+01 6.9362e+01
6.0467e+01 5.5377e+01 6.2177e+01 6.9362e+01 5.2476e+01
6.7149e+01 5.2370e+01 6.9362e+01 5.2476e+01 5.2370e+01
5.1934e+01 5.9891e+01 5.2476e+01 5.2370e+01 5.2685e+01
5.8278e+01 6.0467e+01 5.2370e+01 5.2685e+01 5.9790e+01
6.7767e+01 6.2333e+01 5.2685e+01 5.9790e+01 6.8349e+01
6.3599e+01 6.9659e+01 5.9790e+01 6.8349e+01 6.9677e+01
5.2155e+01 5.1934e+01 5.5377e+01 5.2370e+01 5.9891e+01
