4.9548e+01 4.5988e+01 3.9188e+01 3.9589e+01 4.7674e+01
4.1656e+01 3.7878e+01 3.9589e+01 4.7674e+01 4.0701e+01
4.1656e+01 5.3760e+01 4.7674e+01 4.0701e+01 4.3166e+01
4.1656e+01 4.3951e+01 4.0701e+01 4.3166e+01 4.2605e+01
4.9548e+01 4.3166e+01 4.3166e+01 4.2605e+01 4.8012e+01
4.2890e+01 4.5355e+01 4.2605e+01 4.8012e+01 4.3696e+01
4.9548e+01 4.5135e+01 4.8012e+01 4.3696e+01 4.6960e+01
4.3696e+01 5.0876e+01 4.3696e+01 4.6960e+01 4.9829e+01
5.7424e+01 4.3696e+01 4.6960e+01 4.9829e+01 4.5571e+01
3.3901e+01 4.9112e+01 4.9829e+01 4.5571e+01 4.8177e+01
3.6366e+01 3.9188e+01 4.5571e+01 4.8177e+01 1.4811e+01
2.9566e+01 3.9589e+01 4.8177e+01 1.4811e+01 3.9589e+01
4.5988e+01 4.7674e+01 1.4811e+01 3.9589e+01 4.3435e+01
3.7878e+01 4.0701e+01 3.9589e+01 4.3435e+01 4.0344e+01
5.3760e+01 4.3166e+01 4.3435e+01 4.0344e+01 4.8012e+01
4.3951e+01 4.2605e+01 4.0344e+01 4.8012e+01 4.7144e+01
4.3166e+01 4.8012e+01 4.8012e+01 4.7144e+01 3.8335e+01
4.5355e+01 4.3696e+01 4.7144e+01 3.8335e+01 4.7144e+01
4.5135e+01 4.6960e+01 3.8335e+01 4.7144e+01 6.1402e+01
5.0876e+01 4.9829e+01 4.7144e+01 6.1402e+01 3.8335e+01
4.3696e+01 4.5571e+01 6.1402e+01 3.8335e+01 5.7166e+01
4.9112e+01 4.8177e+01 3.8335e+01 5.7166e+01 5.4300e+01
3.9188e+01 1.4811e+01 5.7166e+01 5.4300e+01 3.9188e+01
3.9589e+01 3.9589e+01 5.4300e+01 3.9188e+01 2.5589e+01
4.7674e+01 4.3435e+01 3.9188e+01 2.5589e+01 3.5211e+01
4.0701e+01 4.0344e+01 2.5589e+01 3.5211e+01 4.4442e+01
4.3166e+01 4.8012e+01 3.5211e+01 4.4442e+01 5.2263e+01
4.2605e+01 4.7144e+01 4.4442e+01 5.2263e+01 4.9829e+01
4.8012e+01 3.8335e+01 5.2263e+01 4.9829e+01 4.9689e+01
4.3696e+01 4.7144e+01 4.9829e+01 4.9689e+01 4.9405e+01
4.6960e+01 6.1402e+01 4.9689e+01 4.9405e+01 4.7674e+01
4.9829e+01 3.8335e+01 4.9405e+01 4.7674e+01 5.0101e+01
4.5571e+01 5.7166e+01 4.7674e+01 5.0101e+01 4.5571e+01
4.8177e+01 5.4300e+01 5.0101e+01 4.5571e+01 4.6190e+01
1.4811e+01 3.9188e+01 4.5571e+01 4.6190e+01 4.1045e+01
3.9589e+01 2.5589e+01 4.6190e+01 4.1045e+01 2.5589e+01
4.3435e+01 3.5211e+01 4.1045e+01 2.5589e+01 4.2605e+01
4.0344e+01 4.4442e+01 2.5589e+01 4.2605e+01 4.0701e+01
4.8012e+01 5.2263e+01 4.2605e+01 4.0701e+01 2.8411e+01
4.7144e+01 4.9829e+01 4.0701e+01 2.8411e+01 4.5355e+01
3.8335e+01 4.9689e+01 2.8411e+01 4.5355e+01 4.1377e+01
4.7144e+01 4.9405e+01 4.5355e+01 4.1377e+01 3.0600e+01
6.1402e+01 4.7674e+01 4.1377e+01 3.0600e+01 4.3166e+01
3.8335e+01 5.0101e+01 3.0600e+01 4.3166e+01 3.4578e+01
5.7166e+01 4.5571e+01 4.3166e+01 3.4578e+01 4.7144e+01
5.4300e+01 4.6190e+01 3.4578e+01 4.7144e+01 3.1535e+01
3.9188e+01 4.1045e+01 4.7144e+01 3.1535e+01 3.3901e+01
2.5589e+01 2.5589e+01 3.1535e+01 3.3901e+01 3.0600e+01
3.5211e+01 4.2605e+01 3.3901e+01 3.0600e+01 4.1377e+01
4.4442e+01 4.0701e+01 3.0600e+01 4.1377e+01 2.9566e+01
5.2263e+01 2.8411e+01 4.1377e+01 2.9566e+01 3.5805e+01
4.9829e+01 4.5355e+01 2.9566e+01 3.5805e+01 4.3435e+01
4.9689e+01 4.1377e+01 3.5805e+01 4.3435e+01 5.0366e+01
4.9405e+01 3.0600e+01 4.3435e+01 5.0366e+01 4.0344e+01
4.7674e+01 4.3166e+01 5.0366e+01 4.0344e+01 1.4811e+01
5.0101e+01 3.4578e+01 4.0344e+01 1.4811e+01 1.4811e+01
4.5571e+01 4.7144e+01 1.4811e+01 1.4811e+01 4.2011e+01
4.6190e+01 3.1535e+01 1.4811e+01 4.2011e+01 3.8771e+01
4.1045e+01 3.3901e+01 4.2011e+01 3.8771e+01 3.5211e+01
2.5589e+01 3.0600e+01 3.8771e+01 3.5211e+01 3.0600e+01
4.2605e+01 4.1377e+01 3.5211e+01 3.0600e+01 4.2890e+01
4.0701e+01 2.9566e+01 3.0600e+01 4.2890e+01 4.9260e+01
2.8411e+01 3.5805e+01 4.2890e+01 4.9260e+01 3.9188e+01
4.5355e+01 4.3435e+01 4.9260e+01 3.9188e+01 4.5571e+01
4.1377e+01 5.0366e+01 3.9188e+01 4.5571e+01 6.0182e+01
3.0600e+01 4.0344e+01 4.5571e+01 6.0182e+01 4.1699e+01
4.3166e+01 1.4811e+01 6.0182e+01 4.1699e+01 2.1611e+01
3.4578e+01 1.4811e+01 4.1699e+01 2.1611e+01 4.8012e+01
4.7144e+01 4.2011e+01 2.1611e+01 4.8012e+01 4.9548e+01
3.1535e+01 3.8771e+01 4.8012e+01 4.9548e+01 2.7101e+01
3.3901e+01 3.5211e+01 4.9548e+01 2.7101e+01 3.3174e+01
3.0600e+01 3.0600e+01 2.7101e+01 3.3174e+01 3.1535e+01
2.9566e+01 4.9260e+01 3.1535e+01 4.1656e+01 4.7500e+01
3.5805e+01 3.9188e+01 4.1656e+01 4.7500e+01 6.4599e+01
4.3435e+01 4.5571e+01 4.7500e+01 6.4599e+01 5.2155e+01
5.0366e+01 6.0182e+01 6.4599e+01 5.2155e+01 5.6132e+01
4.0344e+01 4.1699e+01 5.2155e+01 5.6132e+01 4.6389e+01
1.4811e+01 2.1611e+01 5.6132e+01 4.6389e+01 4.7500e+01
1.4811e+01 4.8012e+01 4.6389e+01 4.7500e+01 2.3800e+01
4.2011e+01 4.9548e+01 4.7500e+01 2.3800e+01 3.3901e+01
3.8771e+01 2.7101e+01 2.3800e+01 3.3901e+01 4.9548e+01
3.5211e+01 3.3174e+01 3.3901e+01 4.9548e+01 3.2389e+01
3.0600e+01 3.1535e+01 4.9548e+01 3.2389e+01 2.5589e+01
4.2890e+01 4.1656e+01 3.2389e+01 2.5589e+01 2.1611e+01
4.9260e+01 4.7500e+01 2.5589e+01 2.1611e+01 4.1699e+01
3.9188e+01 6.4599e+01 2.1611e+01 4.1699e+01 4.4442e+01
4.5571e+01 5.2155e+01 4.1699e+01 4.4442e+01 3.6366e+01
4.1377e+01 4.2890e+01 3.3174e+01 3.1535e+01 4.1656e+01
