4.4909e+01 3.9188e+01 3.8335e+01 4.9405e+01 3.8335e+01
4.9548e+01 4.2605e+01 4.9405e+01 3.8335e+01 4.1377e+01
2.3800e+01 4.8339e+01 3.8335e+01 4.1377e+01 5.0876e+01
3.7878e+01 5.1242e+01 4.1377e+01 5.0876e+01 5.5837e+01
3.3901e+01 4.8499e+01 5.0876e+01 5.5837e+01 4.7845e+01
2.7101e+01 4.6583e+01 5.5837e+01 4.7845e+01 4.5988e+01
4.4442e+01 4.9689e+01 4.7845e+01 4.5988e+01 3.3901e+01
3.9974e+01 6.0513e+01 4.5988e+01 3.3901e+01 5.0101e+01
5.9063e+01 4.1699e+01 3.3901e+01 5.0101e+01 4.1699e+01
4.0701e+01 5.4895e+01 5.0101e+01 4.1699e+01 4.2312e+01
2.3800e+01 3.8335e+01 4.1699e+01 4.2312e+01 4.8810e+01
3.3901e+01 4.9405e+01 4.2312e+01 4.8810e+01 4.2605e+01
3.9188e+01 3.8335e+01 4.8810e+01 4.2605e+01 4.5355e+01
4.2605e+01 4.1377e+01 4.2605e+01 4.5355e+01 3.9188e+01
4.8339e+01 5.0876e+01 4.5355e+01 3.9188e+01 4.7845e+01
5.1242e+01 5.5837e+01 3.9188e+01 4.7845e+01 5.2476e+01
4.8499e+01 4.7845e+01 4.7845e+01 5.2476e+01 4.4200e+01
4.6583e+01 4.5988e+01 5.2476e+01 4.4200e+01 4.8810e+01
4.9689e+01 3.3901e+01 4.4200e+01 4.8810e+01 5.9117e+01
6.0513e+01 5.0101e+01 4.8810e+01 5.9117e+01 4.3435e+01
4.1699e+01 4.1699e+01 5.9117e+01 4.3435e+01 5.6697e+01
5.4895e+01 4.2312e+01 4.3435e+01 5.6697e+01 4.5782e+01
3.8335e+01 4.8810e+01 5.6697e+01 4.5782e+01 4.5135e+01
4.9405e+01 4.2605e+01 4.5782e+01 4.5135e+01 5.4895e+01
3.8335e+01 4.5355e+01 4.5135e+01 5.4895e+01 4.5988e+01
4.1377e+01 3.9188e+01 5.4895e+01 4.5988e+01 5.1934e+01
5.0876e+01 4.7845e+01 4.5988e+01 5.1934e+01 1.8789e+01
5.5837e+01 5.2476e+01 5.1934e+01 1.8789e+01 5.0876e+01
4.7845e+01 4.4200e+01 1.8789e+01 5.0876e+01 4.9405e+01
4.5988e+01 4.8810e+01 5.0876e+01 4.9405e+01 5.2990e+01
3.3901e+01 5.9117e+01 4.9405e+01 5.2990e+01 5.3478e+01
5.0101e+01 4.3435e+01 5.2990e+01 5.3478e+01 4.9689e+01
4.1699e+01 5.6697e+01 5.3478e+01 4.9689e+01 5.4034e+01
4.2312e+01 4.5782e+01 4.9689e+01 5.4034e+01 4.9689e+01
4.8810e+01 4.5135e+01 5.4034e+01 4.9689e+01 4.4442e+01
4.2605e+01 5.4895e+01 4.9689e+01 4.4442e+01 2.9566e+01
4.5355e+01 4.5988e+01 4.4442e+01 2.9566e+01 4.2011e+01
3.9188e+01 5.1934e+01 2.9566e+01 4.2011e+01 3.0600e+01
4.7845e+01 1.8789e+01 4.2011e+01 3.0600e+01 3.1535e+01
5.2476e+01 5.0876e+01 3.0600e+01 3.1535e+01 6.0182e+01
4.4200e+01 4.9405e+01 3.1535e+01 6.0182e+01 5.5986e+01
4.8810e+01 5.2990e+01 6.0182e+01 5.5986e+01 6.3393e+01
5.9117e+01 5.3478e+01 5.5986e+01 6.3393e+01 4.0344e+01
4.3435e+01 4.9689e+01 6.3393e+01 4.0344e+01 5.7231e+01
5.6697e+01 5.4034e+01 4.0344e+01 5.7231e+01 5.9329e+01
4.5782e+01 4.9689e+01 5.7231e+01 5.9329e+01 4.2605e+01
4.5135e+01 4.4442e+01 5.9329e+01 4.2605e+01 5.4977e+01
5.4895e+01 2.9566e+01 4.2605e+01 5.4977e+01 5.3286e+01
4.5988e+01 4.2011e+01 5.4977e+01 5.3286e+01 4.5355e+01
5.1934e+01 3.0600e+01 5.3286e+01 4.5355e+01 5.3383e+01
1.8789e+01 3.1535e+01 4.5355e+01 5.3383e+01 5.0101e+01
5.0876e+01 6.0182e+01 5.3383e+01 5.0101e+01 4.7324e+01
4.9405e+01 5.5986e+01 5.0101e+01 4.7324e+01 4.8656e+01
5.2990e+01 6.3393e+01 4.7324e+01 4.8656e+01 6.4287e+01
5.3478e+01 4.0344e+01 4.8656e+01 6.4287e+01 4.6389e+01
4.9689e+01 5.7231e+01 6.4287e+01 4.6389e+01 2.9566e+01
5.4034e+01 5.9329e+01 4.6389e+01 2.9566e+01 6.0467e+01
4.9689e+01 4.2605e+01 2.9566e+01 6.0467e+01 5.3852e+01
4.4442e+01 5.4977e+01 6.0467e+01 5.3852e+01 5.4895e+01
2.9566e+01 5.3286e+01 5.3852e+01 5.4895e+01 4.7324e+01
4.2011e+01 4.5355e+01 5.4895e+01 4.7324e+01 3.7400e+01
3.0600e+01 5.3383e+01 4.7324e+01 3.7400e+01 5.4559e+01
3.1535e+01 5.0101e+01 3.7400e+01 5.4559e+01 4.6389e+01
6.0182e+01 4.7324e+01 5.4559e+01 4.6389e+01 5.1360e+01
5.5986e+01 4.8656e+01 4.6389e+01 5.1360e+01 6.1444e+01
6.3393e+01 6.4287e+01 5.1360e+01 6.1444e+01 6.0086e+01
4.0344e+01 4.6389e+01 6.1444e+01 6.0086e+01 4.8499e+01
5.7231e+01 2.9566e+01 6.0086e+01 4.8499e+01 6.8030e+01
5.9329e+01 6.0467e+01 4.8499e+01 6.8030e+01 3.3174e+01
4.2605e+01 5.3852e+01 6.8030e+01 3.3174e+01 3.9188e+01
5.4977e+01 5.4895e+01 3.3174e+01 3.9188e+01 5.2370e+01
5.3286e+01 4.7324e+01 3.9188e+01 5.2370e+01 6.0606e+01
5.3383e+01 5.4559e+01 6.0606e+01 4.6257e+01 5.2890e+01
5.0101e+01 4.6389e+01 4.6257e+01 5.2890e+01 5.5610e+01
4.7324e+01 5.1360e+01 5.2890e+01 5.5610e+01 5.8845e+01
4.8656e+01 6.1444e+01 5.5610e+01 5.8845e+01 5.7981e+01
6.4287e+01 6.0086e+01 5.8845e+01 5.7981e+01 6.1100e+01
4.6389e+01 4.8499e+01 5.7981e+01 6.1100e+01 6.0513e+01
2.9566e+01 6.8030e+01 6.1100e+01 6.0513e+01 2.5589e+01
6.0467e+01 3.3174e+01 6.0513e+01 2.5589e+01 3.8771e+01
5.3852e+01 3.9188e+01 2.5589e+01 3.8771e+01 4.2890e+01
5.4895e+01 5.2370e+01 3.8771e+01 4.2890e+01 1.4811e+01
4.7324e+01 6.0606e+01 4.2890e+01 1.4811e+01 1.8789e+01
3.7400e+01 4.6257e+01 1.4811e+01 1.8789e+01 1.8789e+01
5.4559e+01 5.2890e+01 1.8789e+01 1.8789e+01 4.9548e+01
4.6389e+01 5.5610e+01 1.8789e+01 4.9548e+01 3.9188e+01
5.1360e+01 5.8845e+01 4.9548e+01 3.9188e+01 2.9566e+01
4.5355e+01 3.7400e+01 5.2370e+01 6.0606e+01 4.6257e+01
