3.7878e+01 4.7144e+01 4.4909e+01 3.3174e+01 4.4909e+01
3.9974e+01 4.6773e+01 3.3174e+01 4.4909e+01 4.7500e+01
3.6897e+01 4.1699e+01 4.4909e+01 4.7500e+01 4.6389e+01
3.1535e+01 5.0101e+01 4.7500e+01 4.6389e+01 4.7674e+01
2.3800e+01 4.3696e+01 4.6389e+01 4.7674e+01 4.4909e+01
4.2011e+01 5.1934e+01 4.7674e+01 4.4909e+01 4.7324e+01
4.9548e+01 4.9260e+01 4.4909e+01 4.7324e+01 4.3166e+01
3.9974e+01 5.7860e+01 4.7324e+01 4.3166e+01 4.3435e+01
4.6960e+01 4.4442e+01 4.3166e+01 4.3435e+01 4.2605e+01
3.9188e+01 4.8656e+01 4.3435e+01 4.2605e+01 4.6190e+01
3.8771e+01 4.4909e+01 4.2605e+01 4.6190e+01 4.2011e+01
3.7400e+01 3.3174e+01 4.6190e+01 4.2011e+01 4.2890e+01
4.7144e+01 4.4909e+01 4.2011e+01 4.2890e+01 3.7400e+01
4.6773e+01 4.7500e+01 4.2890e+01 3.7400e+01 4.1045e+01
4.1699e+01 4.6389e+01 3.7400e+01 4.1045e+01 3.9589e+01
5.0101e+01 4.7674e+01 4.1045e+01 3.9589e+01 4.5988e+01
5.1934e+01 4.7324e+01 4.5988e+01 4.4592e+01 5.5377e+01
4.9260e+01 4.3166e+01 4.4592e+01 5.5377e+01 5.8845e+01
5.7860e+01 4.3435e+01 5.5377e+01 5.8845e+01 3.9589e+01
4.4442e+01 4.2605e+01 5.8845e+01 3.9589e+01 4.6960e+01
4.8656e+01 4.6190e+01 3.9589e+01 4.6960e+01 4.0344e+01
4.4909e+01 4.2011e+01 4.6960e+01 4.0344e+01 4.2605e+01
3.3174e+01 4.2890e+01 4.0344e+01 4.2605e+01 3.4578e+01
4.4909e+01 3.7400e+01 4.2605e+01 3.4578e+01 4.1699e+01
4.7500e+01 4.1045e+01 3.4578e+01 4.1699e+01 3.3901e+01
4.6389e+01 3.9589e+01 4.1699e+01 3.3901e+01 4.7845e+01
4.7674e+01 4.5988e+01 3.3901e+01 4.7845e+01 5.2476e+01
4.4909e+01 4.4592e+01 4.7845e+01 5.2476e+01 4.1045e+01
4.7324e+01 5.5377e+01 5.2476e+01 4.1045e+01 4.9548e+01
4.3166e+01 5.8845e+01 4.1045e+01 4.9548e+01 4.7500e+01
4.3435e+01 3.9589e+01 4.9548e+01 4.7500e+01 5.3478e+01
4.2605e+01 4.6960e+01 4.7500e+01 5.3478e+01 5.4474e+01
4.6190e+01 4.0344e+01 5.3478e+01 5.4474e+01 4.2011e+01
4.2011e+01 4.2605e+01 5.4474e+01 4.2011e+01 4.9689e+01
4.2890e+01 3.4578e+01 4.2011e+01 4.9689e+01 3.3901e+01
3.7400e+01 4.1699e+01 4.9689e+01 3.3901e+01 4.2890e+01
4.1045e+01 3.3901e+01 3.3901e+01 4.2890e+01 1.4811e+01
3.9589e+01 4.7845e+01 4.2890e+01 1.4811e+01 3.5211e+01
4.5988e+01 5.2476e+01 1.4811e+01 3.5211e+01 4.8499e+01
4.4592e+01 4.1045e+01 3.5211e+01 4.8499e+01 4.9260e+01
5.5377e+01 4.9548e+01 4.8499e+01 4.9260e+01 5.2581e+01
5.8845e+01 4.7500e+01 4.9260e+01 5.2581e+01 4.4200e+01
3.9589e+01 5.3478e+01 5.2581e+01 4.4200e+01 5.5686e+01
4.6960e+01 5.4474e+01 4.4200e+01 5.5686e+01 5.2990e+01
4.0344e+01 4.2011e+01 5.5686e+01 5.2990e+01 5.8101e+01
4.2605e+01 4.9689e+01 5.2990e+01 5.8101e+01 4.3696e+01
3.4578e+01 3.3901e+01 5.8101e+01 4.3696e+01 4.5135e+01
4.1699e+01 4.2890e+01 4.3696e+01 4.5135e+01 4.1377e+01
3.3901e+01 1.4811e+01 4.5135e+01 4.1377e+01 4.1699e+01
4.7845e+01 3.5211e+01 4.1377e+01 4.1699e+01 5.2263e+01
5.2476e+01 4.8499e+01 4.1699e+01 5.2263e+01 4.3696e+01
4.1045e+01 4.9260e+01 5.2263e+01 4.3696e+01 5.0235e+01
4.9548e+01 5.2581e+01 4.3696e+01 5.0235e+01 4.8810e+01
4.7500e+01 4.4200e+01 5.0235e+01 4.8810e+01 4.2890e+01
5.3478e+01 5.5686e+01 4.8810e+01 4.2890e+01 2.7101e+01
5.4474e+01 5.2990e+01 4.2890e+01 2.7101e+01 4.7674e+01
4.2011e+01 5.8101e+01 2.7101e+01 4.7674e+01 4.7144e+01
4.9689e+01 4.3696e+01 4.7674e+01 4.7144e+01 4.9548e+01
3.3901e+01 4.5135e+01 4.7144e+01 4.9548e+01 3.3901e+01
4.2890e+01 4.1377e+01 4.9548e+01 3.3901e+01 2.9566e+01
1.4811e+01 4.1699e+01 3.3901e+01 2.9566e+01 5.4123e+01
3.5211e+01 5.2263e+01 2.9566e+01 5.4123e+01 5.1822e+01
4.8499e+01 4.3696e+01 5.4123e+01 5.1822e+01 4.9829e+01
4.9260e+01 5.0235e+01 5.1822e+01 4.9829e+01 5.1121e+01
5.2581e+01 4.8810e+01 4.9829e+01 5.1121e+01 5.3667e+01
4.4200e+01 4.2890e+01 5.1121e+01 5.3667e+01 4.3435e+01
5.5686e+01 2.7101e+01 5.3667e+01 4.3435e+01 6.6640e+01
5.2990e+01 4.7674e+01 4.3435e+01 6.6640e+01 3.7400e+01
5.8101e+01 4.7144e+01 6.6640e+01 3.7400e+01 4.8012e+01
4.3696e+01 4.9548e+01 3.7400e+01 4.8012e+01 4.8962e+01
4.5135e+01 3.3901e+01 4.8012e+01 4.8962e+01 4.6190e+01
4.1699e+01 5.4123e+01 4.6190e+01 4.4592e+01 5.0366e+01
5.2263e+01 5.1822e+01 4.4592e+01 5.0366e+01 4.4909e+01
4.3696e+01 4.9829e+01 5.0366e+01 4.4909e+01 5.2263e+01
5.0235e+01 5.1121e+01 4.4909e+01 5.2263e+01 6.4537e+01
4.8810e+01 5.3667e+01 5.2263e+01 6.4537e+01 5.8101e+01
4.2890e+01 4.3435e+01 6.4537e+01 5.8101e+01 6.3667e+01
2.7101e+01 6.6640e+01 5.8101e+01 6.3667e+01 3.5211e+01
4.7674e+01 3.7400e+01 6.3667e+01 3.5211e+01 5.5219e+01
4.7144e+01 4.8012e+01 3.5211e+01 5.5219e+01 3.5805e+01
4.9548e+01 4.8962e+01 5.5219e+01 3.5805e+01 2.3800e+01
3.3901e+01 4.6190e+01 3.5805e+01 2.3800e+01 3.0600e+01
2.9566e+01 4.4592e+01 2.3800e+01 3.0600e+01 2.1611e+01
5.4123e+01 5.0366e+01 3.0600e+01 2.1611e+01 3.1535e+01
5.1822e+01 4.4909e+01 2.1611e+01 3.1535e+01 4.6190e+01
4.9829e+01 5.2263e+01 3.1535e+01 4.6190e+01 4.8656e+01
4.3696e+01 4.4909e+01 3.9589e+01 4.5988e+01 4.4592e+01
4.1377e+01 2.9566e+01 4.8962e+01 4.6190e+01 4.4592e+01
