5.0625e+01 5.0751e+01 4.2011e+01 4.5571e+01 5.1709e+01
5.0625e+01 4.6583e+01 4.5571e+01 5.1709e+01 5.4895e+01
5.0625e+01 4.6190e+01 5.1709e+01 5.4895e+01 5.3573e+01
3.9188e+01 6.8779e+01 5.4895e+01 5.3573e+01 5.8278e+01
5.2155e+01 5.8955e+01 5.3573e+01 5.8278e+01 3.9974e+01
6.4690e+01 6.1100e+01 5.8278e+01 3.9974e+01 5.5377e+01
6.0037e+01 5.8900e+01 3.9974e+01 5.5377e+01 5.8734e+01
5.3383e+01 6.7588e+01 5.5377e+01 5.8734e+01 5.7360e+01
7.2568e+01 4.6389e+01 5.8734e+01 5.7360e+01 5.5533e+01
4.4909e+01 5.7296e+01 5.7360e+01 5.5533e+01 4.7324e+01
5.6489e+01 4.2011e+01 5.5533e+01 4.7324e+01 3.9974e+01
2.7101e+01 4.5571e+01 4.7324e+01 3.9974e+01 3.8335e+01
5.0751e+01 5.1709e+01 3.9974e+01 3.8335e+01 5.3573e+01
4.6583e+01 5.4895e+01 3.8335e+01 5.3573e+01 5.5986e+01
4.6190e+01 5.3573e+01 5.3573e+01 5.5986e+01 5.5610e+01
6.8779e+01 5.8278e+01 5.5986e+01 5.5610e+01 6.2823e+01
5.8955e+01 3.9974e+01 5.5610e+01 6.2823e+01 4.2011e+01
6.1100e+01 5.5377e+01 6.2823e+01 4.2011e+01 5.2685e+01
5.8900e+01 5.8734e+01 4.2011e+01 5.2685e+01 6.3900e+01
6.7588e+01 5.7360e+01 5.2685e+01 6.3900e+01 4.1045e+01
4.6389e+01 5.5533e+01 6.3900e+01 4.1045e+01 5.6348e+01
5.7296e+01 4.7324e+01 4.1045e+01 5.6348e+01 4.6960e+01
4.2011e+01 3.9974e+01 5.6348e+01 4.6960e+01 4.9548e+01
4.5571e+01 3.8335e+01 4.6960e+01 4.9548e+01 4.9829e+01
5.1709e+01 5.3573e+01 4.9548e+01 4.9829e+01 3.8335e+01
5.4895e+01 5.5986e+01 4.9829e+01 3.8335e+01 5.3667e+01
5.3573e+01 5.5610e+01 3.8335e+01 5.3667e+01 6.1736e+01
5.8278e+01 6.2823e+01 5.3667e+01 6.1736e+01 5.0751e+01
3.9974e+01 4.2011e+01 6.1736e+01 5.0751e+01 4.3696e+01
5.5377e+01 5.2685e+01 5.0751e+01 4.3696e+01 5.0101e+01
5.8734e+01 6.3900e+01 4.3696e+01 5.0101e+01 5.1934e+01
5.7360e+01 4.1045e+01 5.0101e+01 5.1934e+01 4.5571e+01
5.5533e+01 5.6348e+01 5.1934e+01 4.5571e+01 5.1822e+01
4.7324e+01 4.6960e+01 4.5571e+01 5.1822e+01 4.4678e+01
3.9974e+01 4.9548e+01 5.1822e+01 4.4678e+01 4.5571e+01
3.8335e+01 4.9829e+01 4.4678e+01 4.5571e+01 3.7400e+01
6.2823e+01 5.0751e+01 5.0625e+01 5.0625e+01 4.9548e+01
4.2011e+01 4.3696e+01 5.0625e+01 4.9548e+01 4.9548e+01
5.2685e+01 5.0101e+01 4.9548e+01 4.9548e+01 4.9548e+01
6.3900e+01 5.1934e+01 4.9548e+01 4.9548e+01 4.9548e+01
4.1045e+01 4.5571e+01 4.9548e+01 4.9548e+01 4.9548e+01
5.6348e+01 5.1822e+01 4.9548e+01 4.9548e+01 4.9548e+01
4.6960e+01 4.4678e+01 4.9548e+01 4.9548e+01 4.9548e+01
4.9548e+01 4.5571e+01 4.9548e+01 4.9548e+01 4.9548e+01
4.9829e+01 3.7400e+01 4.9548e+01 4.9548e+01 4.9548e+01
3.8335e+01 5.0625e+01 4.9548e+01 4.9548e+01 4.9548e+01
5.3667e+01 5.0625e+01 4.9548e+01 4.9548e+01 4.9548e+01
6.1736e+01 5.0625e+01 4.9548e+01 4.9548e+01 4.9548e+01
5.0751e+01 4.9548e+01 4.9548e+01 4.9548e+01 4.9548e+01
4.3696e+01 4.9548e+01 4.9548e+01 4.9548e+01 4.9548e+01
5.0101e+01 4.9548e+01 4.9548e+01 4.9548e+01 4.9548e+01
5.1934e+01 4.9548e+01 4.9548e+01 4.9548e+01 4.9548e+01
4.5571e+01 4.9548e+01 4.9548e+01 4.9548e+01 4.9548e+01
5.1822e+01 4.9548e+01 4.9548e+01 4.9548e+01 4.9548e+01
4.4678e+01 4.9548e+01 4.9548e+01 4.9548e+01 4.9548e+01
4.5571e+01 4.9548e+01 4.9548e+01 4.9548e+01 4.9548e+01
3.7400e+01 4.9548e+01 4.9548e+01 4.9548e+01 4.9548e+01
5.0625e+01 4.9548e+01 4.9548e+01 4.9548e+01 4.9548e+01
5.0625e+01 4.9548e+01 4.9548e+01 4.9548e+01 4.9548e+01
5.0625e+01 4.9548e+01 4.9548e+01 4.9548e+01 4.9548e+01
4.9548e+01 4.9548e+01 4.9548e+01 4.9548e+01 4.9548e+01
4.9548e+01 4.9548e+01 4.9548e+01 4.9548e+01 4.9548e+01
4.9548e+01 4.9548e+01 4.9548e+01 4.9548e+01 4.9548e+01
4.9548e+01 4.9548e+01 4.9548e+01 4.9548e+01 4.9548e+01
4.9548e+01 4.9548e+01 4.9548e+01 4.9548e+01 4.9548e+01
4.9548e+01 4.9548e+01 4.9548e+01 4.9548e+01 4.9548e+01
4.9548e+01 4.9548e+01 4.9548e+01 4.9548e+01 4.9548e+01
4.9548e+01 4.9548e+01 4.9548e+01 4.9548e+01 4.9548e+01
4.9548e+01 4.9548e+01 4.9548e+01 4.9548e+01 4.9548e+01
4.9548e+01 4.9548e+01 4.9548e+01 5.0625e+01 4.9548e+01
4.9548e+01 4.9548e+01 5.0625e+01 4.9548e+01 4.9548e+01
4.9548e+01 4.9548e+01 4.9548e+01 4.9548e+01 4.9548e+01
4.9548e+01 4.9548e+01 4.9548e+01 4.9548e+01 4.9548e+01
4.9548e+01 4.9548e+01 4.9548e+01 4.9548e+01 4.9548e+01
4.9548e+01 4.9548e+01 4.9548e+01 4.9548e+01 4.9548e+01
4.9548e+01 4.9548e+01 4.9548e+01 4.9548e+01 4.9548e+01
4.9548e+01 4.9548e+01 4.9548e+01 4.9548e+01 4.9548e+01
4.9548e+01 4.9548e+01 4.9548e+01 4.9548e+01 4.9548e+01
4.9548e+01 4.9548e+01 4.9548e+01 4.9548e+01 4.9548e+01
4.9548e+01 4.9548e+01 4.9548e+01 4.9548e+01 4.9548e+01
4.9548e+01 5.0625e+01 4.9548e+01 4.9548e+01 4.9548e+01
4.9548e+01 4.9548e+01 4.9548e+01 4.9548e+01 4.9548e+01
4.9548e+01 4.9548e+01 4.9548e+01 4.9548e+01 4.9548e+01
4.9548e+01 4.9548e+01 4.9548e+01 4.9548e+01 4.9548e+01
5.3573e+01 3.8335e+01 4.5571e+01 3.7400e+01 5.0625e+01
5.5986e+01 5.3667e+01 3.7400e+01 5.0625e+01 5.0625e+01
5.5610e+01 6.1736e+01 5.0625e+01 5.0625e+01 5.0625e+01
4.9548e+01 4.9548e+01 4.9548e+01 4.9548e+01 5.0625e+01
