6.3219e+01 6.4475e+01 4.9112e+01 4.5135e+01 5.0876e+01
7.0106e+01 6.8878e+01 4.5135e+01 5.0876e+01 5.6205e+01
6.8839e+01 6.1817e+01 5.0876e+01 5.6205e+01 5.9117e+01
6.5422e+01 6.0923e+01 5.6205e+01 5.9117e+01 5.3667e+01
5.0235e+01 6.3148e+01 5.9117e+01 5.3667e+01 5.7488e+01
5.1934e+01 6.3463e+01 5.3667e+01 5.7488e+01 5.7921e+01
4.8012e+01 5.6559e+01 5.7488e+01 5.7921e+01 4.8339e+01
4.8656e+01 5.4123e+01 5.7921e+01 4.8339e+01 4.9548e+01
5.9223e+01 4.9405e+01 4.8339e+01 4.9548e+01 6.3667e+01
6.5617e+01 5.6419e+01 4.9548e+01 6.3667e+01 6.6958e+01
6.1653e+01 4.9112e+01 6.3667e+01 6.6958e+01 5.7738e+01
5.1594e+01 4.5135e+01 6.6958e+01 5.7738e+01 4.7144e+01
6.4475e+01 5.0876e+01 5.7738e+01 4.7144e+01 6.0278e+01
6.8878e+01 5.6205e+01 4.7144e+01 6.0278e+01 5.6559e+01
6.1817e+01 5.9117e+01 6.0278e+01 5.6559e+01 5.5058e+01
6.0923e+01 5.3667e+01 5.6559e+01 5.5058e+01 5.9939e+01
6.3148e+01 5.7488e+01 5.5058e+01 5.9939e+01 4.5988e+01
6.3463e+01 5.7921e+01 5.9939e+01 4.5988e+01 6.1359e+01
5.6559e+01 4.8339e+01 4.5988e+01 6.1359e+01 5.8101e+01
5.4123e+01 4.9548e+01 6.1359e+01 5.8101e+01 6.4599e+01
4.9405e+01 6.3667e+01 5.8101e+01 6.4599e+01 5.7551e+01
5.6419e+01 6.6958e+01 6.4599e+01 5.7551e+01 5.8041e+01
4.9112e+01 5.7738e+01 5.7551e+01 5.8041e+01 4.2011e+01
4.5135e+01 4.7144e+01 5.8041e+01 4.2011e+01 4.4442e+01
5.0876e+01 6.0278e+01 4.2011e+01 4.4442e+01 4.6960e+01
5.6205e+01 5.6559e+01 4.4442e+01 4.6960e+01 5.1360e+01
5.9117e+01 5.5058e+01 4.6960e+01 5.1360e+01 4.9966e+01
5.3667e+01 5.9939e+01 5.1360e+01 4.9966e+01 4.7144e+01
5.7488e+01 4.5988e+01 4.9966e+01 4.7144e+01 5.6059e+01
5.7921e+01 6.1359e+01 4.7144e+01 5.6059e+01 5.5986e+01
4.8339e+01 5.8101e+01 5.6059e+01 5.5986e+01 4.7674e+01
4.9548e+01 6.4599e+01 5.5986e+01 4.7674e+01 7.0584e+01
6.3667e+01 5.7551e+01 4.7674e+01 7.0584e+01 6.2786e+01
6.6958e+01 5.8041e+01 7.0584e+01 6.2786e+01 5.6628e+01
5.7738e+01 4.2011e+01 6.2786e+01 5.6628e+01 5.1594e+01
4.7144e+01 4.4442e+01 5.6628e+01 5.1594e+01 5.4123e+01
6.0278e+01 4.6960e+01 5.1594e+01 5.4123e+01 7.4656e+01
5.6559e+01 5.1360e+01 5.4123e+01 7.4656e+01 6.4660e+01
5.5058e+01 4.9966e+01 7.4656e+01 6.4660e+01 6.5727e+01
5.9939e+01 4.7144e+01 6.4660e+01 6.5727e+01 6.1316e+01
4.5988e+01 5.6059e+01 6.5727e+01 6.1316e+01 5.7676e+01
6.1359e+01 5.5986e+01 6.1316e+01 5.7676e+01 6.0467e+01
5.8101e+01 4.7674e+01 5.7676e+01 6.0467e+01 5.6348e+01
6.4599e+01 7.0584e+01 6.0467e+01 5.6348e+01 5.4387e+01
5.7551e+01 6.2786e+01 5.6348e+01 5.4387e+01 6.0467e+01
5.8041e+01 5.6628e+01 5.4387e+01 6.0467e+01 6.0278e+01
4.2011e+01 5.1594e+01 6.0467e+01 6.0278e+01 4.6773e+01
4.4442e+01 5.4123e+01 6.0278e+01 4.6773e+01 4.5135e+01
4.6960e+01 7.4656e+01 4.6773e+01 4.5135e+01 4.8499e+01
5.1360e+01 6.4660e+01 4.5135e+01 4.8499e+01 4.8012e+01
4.9966e+01 6.5727e+01 4.8499e+01 4.8012e+01 6.8073e+01
4.7144e+01 6.1316e+01 4.8012e+01 6.8073e+01 6.3497e+01
5.6059e+01 5.7676e+01 6.8073e+01 6.3497e+01 5.8678e+01
5.5986e+01 6.0467e+01 6.3497e+01 5.8678e+01 5.9433e+01
4.7674e+01 5.6348e+01 5.8678e+01 5.9433e+01 4.8339e+01
7.0584e+01 5.4387e+01 5.9433e+01 4.8339e+01 5.3852e+01
6.2786e+01 6.0467e+01 4.8339e+01 5.3852e+01 6.1570e+01
5.6628e+01 6.0278e+01 5.3852e+01 6.1570e+01 5.6766e+01
5.1594e+01 4.6773e+01 6.1570e+01 5.6766e+01 5.0876e+01
5.4123e+01 4.5135e+01 5.6766e+01 5.0876e+01 5.1242e+01
7.4656e+01 4.8499e+01 5.0876e+01 5.1242e+01 4.2890e+01
6.4660e+01 4.8012e+01 5.1242e+01 4.2890e+01 4.9548e+01
6.5727e+01 6.8073e+01 4.2890e+01 4.9548e+01 6.3463e+01
6.1316e+01 6.3497e+01 4.9548e+01 6.3463e+01 6.3497e+01
5.7676e+01 5.8678e+01 6.3463e+01 6.3497e+01 5.5456e+01
6.0467e+01 5.9433e+01 6.3497e+01 5.5456e+01 5.8509e+01
5.6348e+01 4.8339e+01 5.5456e+01 5.8509e+01 6.3768e+01
5.4387e+01 5.3852e+01 5.8509e+01 6.3768e+01 6.5048e+01
6.0467e+01 6.1570e+01 6.3768e+01 6.5048e+01 6.3633e+01
6.0278e+01 5.6766e+01 6.5048e+01 6.3633e+01 6.0923e+01
4.6773e+01 5.0876e+01 6.3633e+01 6.0923e+01 5.1822e+01
4.5135e+01 5.1242e+01 6.0923e+01 5.1822e+01 4.8499e+01
4.8012e+01 4.9548e+01 4.8499e+01 5.7027e+01 5.5762e+01
6.8073e+01 6.3463e+01 5.7027e+01 5.5762e+01 6.3933e+01
6.3497e+01 6.3497e+01 5.5762e+01 6.3933e+01 6.1187e+01
5.8678e+01 5.5456e+01 6.3933e+01 6.1187e+01 6.2674e+01
5.9433e+01 5.8509e+01 6.1187e+01 6.2674e+01 6.1486e+01
4.8339e+01 6.3768e+01 6.2674e+01 6.1486e+01 6.1274e+01
5.3852e+01 6.5048e+01 6.1486e+01 6.1274e+01 5.8278e+01
6.1570e+01 6.3633e+01 6.1274e+01 5.8278e+01 6.2216e+01
5.6766e+01 6.0923e+01 5.8278e+01 6.2216e+01 5.9890e+01
5.0876e+01 5.1822e+01 6.2216e+01 5.9890e+01 5.0876e+01
5.1242e+01 4.8499e+01 5.9890e+01 5.0876e+01 4.3951e+01
4.2890e+01 5.7027e+01 5.0876e+01 4.3951e+01 4.8339e+01
4.9548e+01 5.5762e+01 4.3951e+01 4.8339e+01 5.8394e+01
6.3463e+01 6.3933e+01 4.8339e+01 5.8394e+01 6.6233e+01
6.3497e+01 6.1187e+01 5.8394e+01 6.6233e+01 7.0331e+01
4.8499e+01 4.2890e+01 5.1822e+01 4.8499e+01 5.7027e+01
