5.0235e+01 4.9405e+01 4.5355e+01 4.6190e+01 3.9589e+01
5.2045e+01 5.8509e+01 4.6190e+01 3.9589e+01 3.4578e+01
5.6132e+01 6.0278e+01 3.9589e+01 3.4578e+01 5.2788e+01
4.9829e+01 6.2823e+01 3.4578e+01 5.2788e+01 6.0373e+01
4.4678e+01 5.7613e+01 5.2788e+01 6.0373e+01 5.0496e+01
4.2605e+01 6.4841e+01 6.0373e+01 5.0496e+01 5.9381e+01
5.7296e+01 5.4644e+01 5.0496e+01 5.9381e+01 4.5988e+01
5.2890e+01 6.2712e+01 5.9381e+01 4.5988e+01 4.9405e+01
6.3933e+01 4.7500e+01 4.5988e+01 4.9405e+01 5.7799e+01
4.1699e+01 4.6960e+01 4.9405e+01 5.7799e+01 5.6489e+01
3.7878e+01 4.5355e+01 5.7799e+01 5.6489e+01 4.5571e+01
4.9548e+01 4.6190e+01 5.6489e+01 4.5571e+01 3.7400e+01
4.9405e+01 3.9589e+01 4.5571e+01 3.7400e+01 5.5058e+01
5.8509e+01 3.4578e+01 3.7400e+01 5.5058e+01 5.5986e+01
6.0278e+01 5.2788e+01 5.5058e+01 5.5986e+01 5.8565e+01
6.2823e+01 6.0373e+01 5.5986e+01 5.8565e+01 5.9433e+01
5.7613e+01 5.0496e+01 5.8565e+01 5.9433e+01 4.8339e+01
6.4841e+01 5.9381e+01 5.9433e+01 4.8339e+01 5.3478e+01
5.4644e+01 4.5988e+01 4.8339e+01 5.3478e+01 6.2749e+01
6.2712e+01 4.9405e+01 5.3478e+01 6.2749e+01 5.3188e+01
4.7500e+01 5.7799e+01 6.2749e+01 5.3188e+01 6.2255e+01
4.6960e+01 5.6489e+01 5.3188e+01 6.2255e+01 5.3943e+01
4.5355e+01 4.5571e+01 6.2255e+01 5.3943e+01 3.6897e+01
4.6190e+01 3.7400e+01 5.3943e+01 3.6897e+01 4.7845e+01
3.9589e+01 5.5058e+01 3.6897e+01 4.7845e+01 4.3435e+01
3.4578e+01 5.5986e+01 4.7845e+01 4.3435e+01 4.5135e+01
5.2788e+01 5.8565e+01 4.3435e+01 4.5135e+01 5.5686e+01
6.0373e+01 5.9433e+01 4.5135e+01 5.5686e+01 5.3760e+01
5.0496e+01 4.8339e+01 5.5686e+01 5.3760e+01 5.1478e+01
5.9381e+01 5.3478e+01 5.3760e+01 5.1478e+01 6.0878e+01
4.5988e+01 6.2749e+01 5.1478e+01 6.0878e+01 6.4063e+01
4.9405e+01 5.3188e+01 6.0878e+01 6.4063e+01 6.5617e+01
5.7799e+01 6.2255e+01 6.4063e+01 6.5617e+01 6.8009e+01
5.6489e+01 5.3943e+01 6.5617e+01 6.8009e+01 4.4909e+01
4.5571e+01 3.6897e+01 6.8009e+01 4.4909e+01 4.4442e+01
3.7400e+01 4.7845e+01 4.4909e+01 4.4442e+01 2.1611e+01
5.5058e+01 4.3435e+01 4.4442e+01 2.1611e+01 4.7144e+01
5.5986e+01 4.5135e+01 2.1611e+01 4.7144e+01 2.8411e+01
5.8565e+01 5.5686e+01 4.7144e+01 2.8411e+01 4.3696e+01
5.9433e+01 5.3760e+01 2.8411e+01 4.3696e+01 6.0513e+01
4.8339e+01 5.1478e+01 4.3696e+01 6.0513e+01 5.4474e+01
5.3478e+01 6.0878e+01 6.0513e+01 5.4474e+01 6.6565e+01
6.2749e+01 6.4063e+01 5.4474e+01 6.6565e+01 5.9988e+01
5.3188e+01 6.5617e+01 6.6565e+01 5.9988e+01 6.6076e+01
6.2255e+01 6.8009e+01 5.9988e+01 6.6076e+01 5.8160e+01
5.3943e+01 4.4909e+01 6.6076e+01 5.8160e+01 3.6366e+01
3.6897e+01 4.4442e+01 5.8160e+01 3.6366e+01 3.3901e+01
4.7845e+01 2.1611e+01 3.6366e+01 3.3901e+01 4.9405e+01
4.3435e+01 4.7144e+01 3.3901e+01 4.9405e+01 4.6190e+01
4.5135e+01 2.8411e+01 4.9405e+01 4.6190e+01 5.6559e+01
5.5686e+01 4.3696e+01 4.6190e+01 5.6559e+01 6.0606e+01
5.3760e+01 6.0513e+01 5.6559e+01 6.0606e+01 5.5610e+01
5.1478e+01 5.4474e+01 6.0606e+01 5.5610e+01 5.4474e+01
6.0878e+01 6.6565e+01 5.5610e+01 5.4474e+01 5.0751e+01
6.4063e+01 5.9988e+01 5.4474e+01 5.0751e+01 4.6773e+01
6.5617e+01 6.6076e+01 5.0751e+01 4.6773e+01 4.1045e+01
6.8009e+01 5.8160e+01 4.6773e+01 4.1045e+01 6.0513e+01
4.4909e+01 3.6366e+01 4.1045e+01 6.0513e+01 4.6583e+01
4.4442e+01 3.3901e+01 6.0513e+01 4.6583e+01 4.7144e+01
2.1611e+01 4.9405e+01 4.6583e+01 4.7144e+01 5.0999e+01
4.7144e+01 4.6190e+01 4.7144e+01 5.0999e+01 4.0701e+01
2.8411e+01 5.6559e+01 5.0999e+01 4.0701e+01 4.5571e+01
4.3696e+01 6.0606e+01 4.0701e+01 4.5571e+01 6.3497e+01
6.0513e+01 5.5610e+01 4.5571e+01 6.3497e+01 5.4812e+01
5.4474e+01 5.4474e+01 6.3497e+01 5.4812e+01 5.2476e+01
6.6565e+01 5.0751e+01 5.4812e+01 5.2476e+01 6.3599e+01
5.9988e+01 4.6773e+01 5.2476e+01 6.3599e+01 4.8177e+01
6.6076e+01 4.1045e+01 6.3599e+01 4.8177e+01 5.9329e+01
5.8160e+01 6.0513e+01 4.8177e+01 5.9329e+01 4.8339e+01
3.6366e+01 4.6583e+01 5.9329e+01 4.8339e+01 4.8962e+01
3.3901e+01 4.7144e+01 4.8339e+01 4.8962e+01 4.1377e+01
4.9405e+01 5.0999e+01 4.8962e+01 4.1377e+01 4.7324e+01
5.6559e+01 4.5571e+01 4.7324e+01 5.1452e+01 5.6559e+01
6.0606e+01 6.3497e+01 5.1452e+01 5.6559e+01 5.7921e+01
5.5610e+01 5.4812e+01 5.6559e+01 5.7921e+01 5.5912e+01
5.4474e+01 5.2476e+01 5.7921e+01 5.5912e+01 5.8900e+01
5.0751e+01 6.3599e+01 5.5912e+01 5.8900e+01 4.9548e+01
4.6773e+01 4.8177e+01 5.8900e+01 4.9548e+01 7.3624e+01
4.1045e+01 5.9329e+01 4.9548e+01 7.3624e+01 5.1709e+01
6.0513e+01 4.8339e+01 7.3624e+01 5.1709e+01 4.7324e+01
4.6583e+01 4.8962e+01 5.1709e+01 4.7324e+01 4.8012e+01
4.7144e+01 4.1377e+01 4.7324e+01 4.8012e+01 2.9566e+01
5.0999e+01 4.7324e+01 4.8012e+01 2.9566e+01 2.9566e+01
4.0701e+01 5.1452e+01 2.9566e+01 2.9566e+01 3.3901e+01
4.5571e+01 5.6559e+01 2.9566e+01 3.3901e+01 5.8955e+01
6.3497e+01 5.7921e+01 3.3901e+01 5.8955e+01 5.5377e+01
5.4812e+01 5.5912e+01 5.8955e+01 5.5377e+01 5.5986e+01
4.6190e+01 4.0701e+01 4.1377e+01 4.7324e+01 5.1452e+01
