4.9548e+01 4.9548e+01 3.9589e+01 4.2312e+01 4.0344e+01
4.6004e+01 4.6004e+01 4.2312e+01 4.0344e+01 3.0600e+01
4.6004e+01 4.6004e+01 4.0344e+01 3.0600e+01 3.1535e+01
4.6004e+01 4.6004e+01 3.0600e+01 3.1535e+01 4.6389e+01
4.6004e+01 5.1822e+01 3.1535e+01 4.6389e+01 4.8962e+01
4.6004e+01 4.6004e+01 4.6389e+01 4.8962e+01 4.5355e+01
5.4387e+01 4.6773e+01 4.8962e+01 4.5355e+01 4.5355e+01
4.9548e+01 6.6958e+01 4.5355e+01 4.5355e+01 5.7231e+01
5.5533e+01 4.5135e+01 4.5355e+01 5.7231e+01 5.1478e+01
4.1045e+01 4.5782e+01 5.7231e+01 5.1478e+01 4.7674e+01
4.9548e+01 3.9589e+01 5.1478e+01 4.7674e+01 3.7878e+01
2.9566e+01 4.2312e+01 4.7674e+01 3.7878e+01 4.1699e+01
4.9548e+01 4.0344e+01 3.7878e+01 4.1699e+01 5.0235e+01
4.6004e+01 3.0600e+01 4.1699e+01 5.0235e+01 1.4811e+01
4.6004e+01 3.1535e+01 5.0235e+01 1.4811e+01 4.8962e+01
4.6004e+01 4.6389e+01 1.4811e+01 4.8962e+01 5.2476e+01
5.1822e+01 4.8962e+01 4.8962e+01 5.2476e+01 5.1934e+01
4.6004e+01 4.5355e+01 5.2476e+01 5.1934e+01 5.8622e+01
4.6773e+01 4.5355e+01 5.1934e+01 5.8622e+01 6.5534e+01
6.6958e+01 5.7231e+01 5.8622e+01 6.5534e+01 4.9548e+01
4.5135e+01 5.1478e+01 6.5534e+01 4.9548e+01 5.7676e+01
4.5782e+01 4.7674e+01 4.9548e+01 5.7676e+01 5.0366e+01
3.9589e+01 3.7878e+01 5.7676e+01 5.0366e+01 8.0116e+00
4.2312e+01 4.1699e+01 5.0366e+01 8.0116e+00 4.8499e+01
4.0344e+01 5.0235e+01 8.0116e+00 4.8499e+01 3.3174e+01
3.0600e+01 1.4811e+01 4.8499e+01 3.3174e+01 4.7674e+01
3.1535e+01 4.8962e+01 3.3174e+01 4.7674e+01 4.9405e+01
4.6389e+01 5.2476e+01 4.7674e+01 4.9405e+01 6.2410e+01
4.8962e+01 5.1934e+01 4.9405e+01 6.2410e+01 5.2476e+01
4.5355e+01 5.8622e+01 6.2410e+01 5.2476e+01 5.8622e+01
4.5355e+01 6.5534e+01 5.2476e+01 5.8622e+01 5.5912e+01
5.7231e+01 4.9548e+01 5.8622e+01 5.5912e+01 5.5686e+01
5.1478e+01 5.7676e+01 5.5912e+01 5.5686e+01 4.8339e+01
4.7674e+01 5.0366e+01 5.5686e+01 4.8339e+01 5.0496e+01
3.7878e+01 8.0116e+00 4.8339e+01 5.0496e+01 5.2263e+01
4.1699e+01 4.8499e+01 5.0496e+01 5.2263e+01 3.3901e+01
5.0235e+01 3.3174e+01 5.2263e+01 3.3901e+01 4.5135e+01
1.4811e+01 4.7674e+01 3.3901e+01 4.5135e+01 4.9548e+01
4.8962e+01 4.9405e+01 4.5135e+01 4.9548e+01 2.3800e+01
5.2476e+01 6.2410e+01 4.9548e+01 2.3800e+01 6.1612e+01
5.1934e+01 5.2476e+01 2.3800e+01 6.1612e+01 4.9112e+01
5.8622e+01 5.8622e+01 6.1612e+01 4.9112e+01 5.4812e+01
6.5534e+01 5.5912e+01 4.9112e+01 5.4812e+01 5.0999e+01
4.9548e+01 5.5686e+01 5.4812e+01 5.0999e+01 4.8339e+01
5.7676e+01 4.8339e+01 5.0999e+01 4.8339e+01 5.9840e+01
5.0366e+01 5.0496e+01 4.8339e+01 5.9840e+01 3.7878e+01
8.0116e+00 5.2263e+01 5.9840e+01 3.7878e+01 4.5782e+01
4.8499e+01 3.3901e+01 3.7878e+01 4.5782e+01 4.6960e+01
3.3174e+01 4.5135e+01 4.5782e+01 4.6960e+01 3.0600e+01
4.7674e+01 4.9548e+01 4.6960e+01 3.0600e+01 4.1699e+01
4.9405e+01 2.3800e+01 3.0600e+01 4.1699e+01 4.5782e+01
6.2410e+01 6.1612e+01 4.1699e+01 4.5782e+01 5.5377e+01
5.2476e+01 4.9112e+01 4.5782e+01 5.5377e+01 5.2370e+01
5.8622e+01 5.4812e+01 5.5377e+01 5.2370e+01 6.0513e+01
5.5912e+01 5.0999e+01 5.2370e+01 6.0513e+01 3.5805e+01
5.5686e+01 4.8339e+01 6.0513e+01 3.5805e+01 3.4578e+01
4.8339e+01 5.9840e+01 3.5805e+01 3.4578e+01 4.9689e+01
5.0496e+01 3.7878e+01 3.4578e+01 4.9689e+01 4.9112e+01
5.2263e+01 4.5782e+01 4.9689e+01 4.9112e+01 5.6348e+01
3.3901e+01 4.6960e+01 4.9112e+01 5.6348e+01 3.2389e+01
4.5135e+01 3.0600e+01 5.6348e+01 3.2389e+01 2.5589e+01
4.9548e+01 4.1699e+01 3.2389e+01 2.5589e+01 4.9689e+01
2.3800e+01 4.5782e+01 2.5589e+01 4.9689e+01 5.0366e+01
6.1612e+01 5.5377e+01 4.9689e+01 5.0366e+01 5.9890e+01
4.9112e+01 5.2370e+01 5.0366e+01 5.9890e+01 5.7981e+01
5.4812e+01 6.0513e+01 5.9890e+01 5.7981e+01 5.0751e+01
5.0999e+01 3.5805e+01 5.7981e+01 5.0751e+01 4.0344e+01
4.8339e+01 3.4578e+01 5.0751e+01 4.0344e+01 5.4977e+01
5.9840e+01 4.9689e+01 4.0344e+01 5.4977e+01 3.0600e+01
3.7878e+01 4.9112e+01 5.4977e+01 3.0600e+01 3.9589e+01
4.5782e+01 5.6348e+01 3.0600e+01 3.9589e+01 4.5135e+01
4.6960e+01 3.2389e+01 3.9589e+01 4.5135e+01 4.3696e+01
4.1699e+01 4.9689e+01 4.3696e+01 4.6004e+01 3.4578e+01
4.5782e+01 5.0366e+01 4.6004e+01 3.4578e+01 5.4212e+01
5.5377e+01 5.9890e+01 3.4578e+01 5.4212e+01 5.8336e+01
5.2370e+01 5.7981e+01 5.4212e+01 5.8336e+01 6.4256e+01
6.0513e+01 5.0751e+01 5.8336e+01 6.4256e+01 5.8565e+01
3.5805e+01 4.0344e+01 6.4256e+01 5.8565e+01 5.8336e+01
3.4578e+01 5.4977e+01 5.8565e+01 5.8336e+01 2.7101e+01
4.9689e+01 3.0600e+01 5.8336e+01 2.7101e+01 3.9188e+01
4.9112e+01 3.9589e+01 2.7101e+01 3.9188e+01 5.3478e+01
5.6348e+01 4.5135e+01 3.9188e+01 5.3478e+01 2.3800e+01
3.2389e+01 4.3696e+01 5.3478e+01 2.3800e+01 2.3800e+01
2.5589e+01 4.6004e+01 2.3800e+01 2.3800e+01 2.3800e+01
4.9689e+01 3.4578e+01 2.3800e+01 2.3800e+01 4.1377e+01
5.0366e+01 5.4212e+01 2.3800e+01 4.1377e+01 3.3901e+01
5.9890e+01 5.8336e+01 4.1377e+01 3.3901e+01 3.2389e+01
3.0600e+01 2.5589e+01 4.5135e+01 4.3696e+01 4.6004e+01
