5.7663e+01 6.1858e+01 4.3435e+01 4.0344e+01 5.0624e+01
6.7566e+01 7.6376e+01 4.0344e+01 5.0624e+01 5.4387e+01
7.2730e+01 7.3539e+01 5.0624e+01 5.4387e+01 6.1570e+01
5.7663e+01 7.0912e+01 5.4387e+01 6.1570e+01 6.4063e+01
5.7663e+01 6.4031e+01 6.1570e+01 6.4063e+01 6.4629e+01
5.9329e+01 6.6910e+01 6.4063e+01 6.4629e+01 4.8177e+01
4.4200e+01 4.1377e+01 4.8177e+01 5.7663e+01 5.3286e+01
5.3852e+01 4.8962e+01 5.7663e+01 5.3286e+01 4.6389e+01
6.1777e+01 5.1934e+01 5.3286e+01 4.6389e+01 6.5280e+01
6.5970e+01 4.3435e+01 4.6389e+01 6.5280e+01 4.5782e+01
4.6960e+01 4.0344e+01 6.5280e+01 4.5782e+01 4.0344e+01
6.1858e+01 5.0624e+01 4.5782e+01 4.0344e+01 5.4212e+01
7.6376e+01 5.4387e+01 4.0344e+01 5.4212e+01 5.9117e+01
7.3539e+01 6.1570e+01 5.4212e+01 5.9117e+01 6.0560e+01
7.0912e+01 6.4063e+01 5.9117e+01 6.0560e+01 6.4960e+01
6.4031e+01 6.4629e+01 6.0560e+01 6.4960e+01 5.7360e+01
6.6910e+01 4.8177e+01 6.4960e+01 5.7360e+01 6.4506e+01
5.4644e+01 5.7663e+01 5.7360e+01 6.4506e+01 6.3041e+01
4.1377e+01 5.3286e+01 6.4506e+01 6.3041e+01 6.2562e+01
4.8962e+01 4.6389e+01 6.3041e+01 6.2562e+01 5.1934e+01
5.1934e+01 6.5280e+01 6.2562e+01 5.1934e+01 5.8622e+01
4.3435e+01 4.5782e+01 5.1934e+01 5.8622e+01 5.2685e+01
4.0344e+01 4.0344e+01 5.8622e+01 5.2685e+01 4.9112e+01
5.0624e+01 5.4212e+01 5.2685e+01 4.9112e+01 5.4034e+01
5.4387e+01 5.9117e+01 4.9112e+01 5.4034e+01 5.5058e+01
6.1570e+01 6.0560e+01 5.4034e+01 5.5058e+01 7.4101e+01
6.4063e+01 6.4960e+01 5.5058e+01 7.4101e+01 5.9890e+01
6.4629e+01 5.7360e+01 7.4101e+01 5.9890e+01 6.2294e+01
4.8177e+01 6.4506e+01 5.9890e+01 6.2294e+01 5.6833e+01
5.7663e+01 6.3041e+01 6.2294e+01 5.6833e+01 6.7611e+01
5.3286e+01 6.2562e+01 5.6833e+01 6.7611e+01 5.7676e+01
4.6389e+01 5.1934e+01 6.7611e+01 5.7676e+01 4.9829e+01
6.5280e+01 5.8622e+01 5.7676e+01 4.9829e+01 5.9740e+01
4.5782e+01 5.2685e+01 4.9829e+01 5.9740e+01 4.5135e+01
4.0344e+01 4.9112e+01 5.9740e+01 4.5135e+01 5.0876e+01
5.4212e+01 5.4034e+01 4.5135e+01 5.0876e+01 8.3130e+01
5.9117e+01 5.5058e+01 5.0876e+01 8.3130e+01 5.6559e+01
6.0560e+01 7.4101e+01 8.3130e+01 5.6559e+01 6.2749e+01
6.4960e+01 5.9890e+01 5.6559e+01 6.2749e+01 5.5139e+01
5.7360e+01 6.2294e+01 6.2749e+01 5.5139e+01 5.0366e+01
6.4506e+01 5.6833e+01 5.5139e+01 5.0366e+01 4.7144e+01
6.3041e+01 6.7611e+01 5.0366e+01 4.7144e+01 5.6419e+01
6.2562e+01 5.7676e+01 4.7144e+01 5.6419e+01 5.8278e+01
5.1934e+01 4.9829e+01 5.6419e+01 5.8278e+01 5.6348e+01
5.8622e+01 5.9740e+01 5.8278e+01 5.6348e+01 5.9117e+01
5.2685e+01 4.5135e+01 5.6348e+01 5.9117e+01 2.8411e+01
4.9112e+01 5.0876e+01 5.9117e+01 2.8411e+01 5.2890e+01
5.4034e+01 8.3130e+01 2.8411e+01 5.2890e+01 4.4200e+01
5.5058e+01 5.6559e+01 5.2890e+01 4.4200e+01 4.9260e+01
7.4101e+01 6.2749e+01 4.4200e+01 4.9260e+01 7.2193e+01
5.9890e+01 5.5139e+01 4.9260e+01 7.2193e+01 6.3497e+01
6.2294e+01 5.0366e+01 7.2193e+01 6.3497e+01 4.5135e+01
5.6833e+01 4.7144e+01 6.3497e+01 4.5135e+01 6.6540e+01
6.7611e+01 5.6419e+01 4.5135e+01 6.6540e+01 5.0751e+01
5.7676e+01 5.8278e+01 6.6540e+01 5.0751e+01 6.0230e+01
4.9829e+01 5.6348e+01 5.0751e+01 6.0230e+01 6.5863e+01
5.9740e+01 5.9117e+01 6.0230e+01 6.5863e+01 6.6336e+01
4.5135e+01 2.8411e+01 6.5863e+01 6.6336e+01 5.4212e+01
5.0876e+01 5.2890e+01 6.6336e+01 5.4212e+01 5.9329e+01
8.3130e+01 4.4200e+01 5.4212e+01 5.9329e+01 4.4909e+01
6.2749e+01 7.2193e+01 4.4909e+01 5.7663e+01 6.7520e+01
5.5139e+01 6.3497e+01 5.7663e+01 6.7520e+01 6.0037e+01
5.0366e+01 4.5135e+01 6.7520e+01 6.0037e+01 6.3148e+01
4.7144e+01 6.6540e+01 6.0037e+01 6.3148e+01 6.1777e+01
5.6419e+01 5.0751e+01 6.3148e+01 6.1777e+01 5.2990e+01
5.8278e+01 6.0230e+01 6.1777e+01 5.2990e+01 6.8698e+01
5.6348e+01 6.5863e+01 5.2990e+01 6.8698e+01 5.3667e+01
5.9117e+01 6.6336e+01 6.8698e+01 5.3667e+01 6.4256e+01
2.8411e+01 5.4212e+01 5.3667e+01 6.4256e+01 5.9329e+01
5.2890e+01 5.9329e+01 6.4256e+01 5.9329e+01 5.2370e+01
4.9260e+01 5.7663e+01 5.2370e+01 5.7663e+01 5.7488e+01
7.2193e+01 6.7520e+01 5.7663e+01 5.7488e+01 6.5337e+01
6.3497e+01 6.0037e+01 5.7488e+01 6.5337e+01 6.7588e+01
4.5135e+01 6.3148e+01 6.5337e+01 6.7588e+01 6.3768e+01
6.6540e+01 6.1777e+01 6.7588e+01 6.3768e+01 6.1012e+01
5.0751e+01 5.2990e+01 6.3768e+01 6.1012e+01 6.5700e+01
6.0230e+01 6.8698e+01 6.1012e+01 6.5700e+01 6.0560e+01
6.5863e+01 5.3667e+01 6.5700e+01 6.0560e+01 5.5058e+01
6.6336e+01 6.4256e+01 6.0560e+01 5.5058e+01 6.9677e+01
5.4212e+01 5.9329e+01 5.5058e+01 6.9677e+01 4.5782e+01
5.9329e+01 5.2370e+01 6.9677e+01 4.5782e+01 4.4678e+01
4.4909e+01 5.7663e+01 4.5782e+01 4.4678e+01 5.0876e+01
5.7663e+01 5.7488e+01 4.4678e+01 5.0876e+01 5.8041e+01
6.7520e+01 6.5337e+01 5.0876e+01 5.8041e+01 6.6982e+01
6.0037e+01 6.7588e+01 5.8041e+01 6.6982e+01 6.8223e+01
4.5782e+01 5.4644e+01 6.4629e+01 4.8177e+01 5.7663e+01
5.6559e+01 4.9260e+01 5.9329e+01 4.4909e+01 5.7663e+01
4.4200e+01 4.4909e+01 5.9329e+01 5.2370e+01 5.7663e+01
