[1, 0, 0, 0, 0, 0, 0, 0, 0, 0, 0, 0, 1, 0, 0, 0, 0, 0, 0, 1, 0, 0, 1, 1, 1, 1, 0, 0, 0, 0, 0, 0]
32
[1, 0, 0, 0, 0, 0, 0, 0, 0, 0, 0, 0, 0, 0, 0, 0, 1, 0, 0, 1, 0, 0, 1, 1, 1, 1, 1, 0, 0, 0, 0, 0]
32
              precision    recall  f1-score   support

           0       0.96      0.92      0.94        25
           1       0.75      0.86      0.80         7

    accuracy                           0.91        32
   macro avg       0.85      0.89      0.87        32
weighted avg       0.91      0.91      0.91        32

