5.0101e+01 5.4812e+01 3.8335e+01 3.6366e+01 5.0999e+01
5.4300e+01 5.6059e+01 3.6366e+01 5.0999e+01 4.7500e+01
4.1377e+01 4.2011e+01 5.0999e+01 4.7500e+01 4.6190e+01
5.5219e+01 4.8177e+01 4.7500e+01 4.6190e+01 4.5571e+01
3.3901e+01 4.8339e+01 4.6190e+01 4.5571e+01 5.0101e+01
4.7144e+01 6.4660e+01 4.5571e+01 5.0101e+01 5.6419e+01
5.3188e+01 4.6960e+01 5.0101e+01 5.6419e+01 4.4909e+01
3.7878e+01 3.1535e+01 5.6419e+01 4.4909e+01 6.6336e+01
5.3286e+01 3.8771e+01 4.4909e+01 6.6336e+01 5.3286e+01
5.5219e+01 4.8810e+01 6.6336e+01 5.3286e+01 5.5533e+01
4.9548e+01 3.8335e+01 5.3286e+01 5.5533e+01 5.0999e+01
4.7324e+01 3.6366e+01 5.5533e+01 5.0999e+01 5.2685e+01
5.4812e+01 5.0999e+01 5.0999e+01 5.2685e+01 5.2788e+01
5.6059e+01 4.7500e+01 5.2685e+01 5.2788e+01 5.0496e+01
4.2011e+01 4.6190e+01 5.2788e+01 5.0496e+01 4.8962e+01
4.8177e+01 4.5571e+01 5.0496e+01 4.8962e+01 4.4909e+01
4.8339e+01 5.0101e+01 4.8962e+01 4.4909e+01 4.8962e+01
6.4660e+01 5.6419e+01 4.4909e+01 4.8962e+01 5.2890e+01
4.6960e+01 4.4909e+01 4.8962e+01 5.2890e+01 5.9276e+01
3.1535e+01 6.6336e+01 5.2890e+01 5.9276e+01 5.0235e+01
3.8771e+01 5.3286e+01 5.9276e+01 5.0235e+01 4.7845e+01
4.8810e+01 5.5533e+01 5.0235e+01 4.7845e+01 4.1377e+01
3.8335e+01 5.0999e+01 4.7845e+01 4.1377e+01 4.6583e+01
3.6366e+01 5.2685e+01 4.1377e+01 4.6583e+01 3.9974e+01
5.0999e+01 5.2788e+01 4.6583e+01 3.9974e+01 5.2685e+01
4.7500e+01 5.0496e+01 3.9974e+01 5.2685e+01 5.6766e+01
4.6190e+01 4.8962e+01 5.2685e+01 5.6766e+01 5.4387e+01
4.5571e+01 4.4909e+01 5.6766e+01 5.4387e+01 4.8339e+01
5.0101e+01 4.8962e+01 5.4387e+01 4.8339e+01 5.8678e+01
5.6419e+01 5.2890e+01 4.8339e+01 5.8678e+01 6.3531e+01
4.4909e+01 5.9276e+01 5.8678e+01 6.3531e+01 5.9639e+01
6.6336e+01 5.0235e+01 6.3531e+01 5.9639e+01 6.9437e+01
5.3286e+01 4.7845e+01 5.9639e+01 6.9437e+01 5.7296e+01
5.5533e+01 4.1377e+01 6.9437e+01 5.7296e+01 5.2890e+01
5.0999e+01 4.6583e+01 5.7296e+01 5.2890e+01 4.7144e+01
5.2685e+01 3.9974e+01 5.2890e+01 4.7144e+01 4.7500e+01
5.2788e+01 5.2685e+01 4.7144e+01 4.7500e+01 6.0878e+01
5.0496e+01 5.6766e+01 4.7500e+01 6.0878e+01 5.6277e+01
4.8962e+01 5.4387e+01 6.0878e+01 5.6277e+01 5.3090e+01
4.4909e+01 4.8339e+01 5.6277e+01 5.3090e+01 6.3076e+01
4.8962e+01 5.8678e+01 5.3090e+01 6.3076e+01 4.5135e+01
5.2890e+01 6.3531e+01 6.3076e+01 4.5135e+01 5.2581e+01
5.9276e+01 5.9639e+01 4.5135e+01 5.2581e+01 6.9133e+01
5.0235e+01 6.9437e+01 5.2581e+01 6.9133e+01 6.2524e+01
4.7845e+01 5.7296e+01 6.9133e+01 6.2524e+01 5.4123e+01
4.1377e+01 5.2890e+01 6.2524e+01 5.4123e+01 5.5533e+01
4.6583e+01 4.7144e+01 5.4123e+01 5.5533e+01 4.7845e+01
3.9974e+01 4.7500e+01 5.5533e+01 4.7845e+01 5.1822e+01
5.2685e+01 6.0878e+01 4.7845e+01 5.1822e+01 5.6059e+01
5.6766e+01 5.6277e+01 5.1822e+01 5.6059e+01 5.8394e+01
5.4387e+01 5.3090e+01 5.6059e+01 5.8394e+01 5.2263e+01
4.8339e+01 6.3076e+01 5.8394e+01 5.2263e+01 6.2098e+01
5.8678e+01 4.5135e+01 5.2263e+01 6.2098e+01 5.7676e+01
6.3531e+01 5.2581e+01 6.2098e+01 5.7676e+01 5.7424e+01
5.9639e+01 6.9133e+01 5.7676e+01 5.7424e+01 4.0344e+01
6.9437e+01 6.2524e+01 5.7424e+01 4.0344e+01 5.2045e+01
5.7296e+01 5.4123e+01 4.0344e+01 5.2045e+01 4.5782e+01
5.2890e+01 5.5533e+01 5.2045e+01 4.5782e+01 3.9974e+01
4.7144e+01 4.7845e+01 4.5782e+01 3.9974e+01 4.5571e+01
4.7500e+01 5.1822e+01 3.9974e+01 4.5571e+01 4.5135e+01
6.0878e+01 5.6059e+01 4.5571e+01 4.5135e+01 4.1699e+01
5.6277e+01 5.8394e+01 4.5135e+01 4.1699e+01 5.7360e+01
5.3090e+01 5.2263e+01 4.1699e+01 5.7360e+01 5.0876e+01
6.3076e+01 6.2098e+01 5.7360e+01 5.0876e+01 5.3943e+01
4.5135e+01 5.7676e+01 5.0876e+01 5.3943e+01 5.7921e+01
5.2581e+01 5.7424e+01 5.3943e+01 5.7921e+01 5.6348e+01
6.9133e+01 4.0344e+01 5.7921e+01 5.6348e+01 5.3667e+01
6.2524e+01 5.2045e+01 5.6348e+01 5.3667e+01 6.1979e+01
5.4123e+01 4.5782e+01 5.3667e+01 6.1979e+01 4.5355e+01
5.5533e+01 3.9974e+01 6.1979e+01 4.5355e+01 4.8656e+01
4.7845e+01 4.5571e+01 4.5355e+01 4.8656e+01 5.2045e+01
5.1822e+01 4.5135e+01 4.8656e+01 5.2045e+01 6.0606e+01
5.8394e+01 5.7360e+01 6.0606e+01 5.1239e+01 4.8177e+01
5.2263e+01 5.0876e+01 5.1239e+01 4.8177e+01 5.4123e+01
6.2098e+01 5.3943e+01 4.8177e+01 5.4123e+01 5.7166e+01
5.7676e+01 5.7921e+01 5.4123e+01 5.7166e+01 6.1736e+01
5.7424e+01 5.6348e+01 5.7166e+01 6.1736e+01 6.1528e+01
4.0344e+01 5.3667e+01 6.1736e+01 6.1528e+01 5.4644e+01
5.2045e+01 6.1979e+01 6.1528e+01 5.4644e+01 5.3760e+01
4.5782e+01 4.5355e+01 5.4644e+01 5.3760e+01 4.4442e+01
3.9974e+01 4.8656e+01 5.3760e+01 4.4442e+01 4.3696e+01
4.5571e+01 5.2045e+01 4.4442e+01 4.3696e+01 4.6583e+01
4.5135e+01 6.0606e+01 4.3696e+01 4.6583e+01 3.8335e+01
4.1699e+01 5.1239e+01 4.6583e+01 3.8335e+01 4.1699e+01
5.7360e+01 4.8177e+01 3.8335e+01 4.1699e+01 4.5782e+01
5.0876e+01 5.4123e+01 4.1699e+01 4.5782e+01 4.6960e+01
5.3943e+01 5.7166e+01 4.5782e+01 4.6960e+01 5.7231e+01
5.6059e+01 4.1699e+01 5.2045e+01 6.0606e+01 5.1239e+01
