2.330000000000000127e-01 3.086999999999999744e+00 2.900000000000000147e-02 1.339600000000000080e+01 1.219999999999999973e-01 4.450000000000000178e+00 5.099999999999999672e-02 7.500000000000000000e+00 8.699999999999999289e+00 4.954822504782752901e+01
2.330000000000000127e-01 3.086999999999999744e+00 2.900000000000000147e-02 7.464999999999999858e+00 2.449999999999999956e-01 4.450000000000000178e+00 5.099999999999999672e-02 7.400000000000000355e+00 4.700000000000000178e+00 4.954822504782752901e+01
2.330000000000000127e-01 3.086999999999999744e+00 2.900000000000000147e-02 1.070500000000000007e+01 9.700000000000000289e-02 4.450000000000000178e+00 5.099999999999999672e-02 7.799999999999999822e+00 8.900000000000000355e+00 4.954822504782752901e+01
2.330000000000000127e-01 3.086999999999999744e+00 2.900000000000000147e-02 7.977999999999999758e+00 1.209999999999999964e-01 4.450000000000000178e+00 5.099999999999999672e-02 7.700000000000000178e+00 6.900000000000000355e+00 4.954822504782752901e+01
2.330000000000000127e-01 3.086999999999999744e+00 2.900000000000000147e-02 6.935999999999999943e+00 1.029999999999999943e-01 4.450000000000000178e+00 5.099999999999999672e-02 8.000000000000000000e+00 7.799999999999999822e+00 4.954822504782752901e+01
2.330000000000000127e-01 3.086999999999999744e+00 2.900000000000000147e-02 6.939000000000000057e+00 8.899999999999999578e-02 4.450000000000000178e+00 5.099999999999999672e-02 7.700000000000000178e+00 7.200000000000000178e+00 4.954822504782752901e+01
2.330000000000000127e-01 3.086999999999999744e+00 2.900000000000000147e-02 7.161999999999999922e+00 2.730000000000000204e-01 4.450000000000000178e+00 5.099999999999999672e-02 7.799999999999999822e+00 7.200000000000000178e+00 4.954822504782752901e+01
2.330000000000000127e-01 3.086999999999999744e+00 2.900000000000000147e-02 8.246999999999999886e+00 1.880000000000000004e-01 4.450000000000000178e+00 5.099999999999999672e-02 7.799999999999999822e+00 1.009999999999999964e+01 4.954822504782752901e+01
2.330000000000000127e-01 3.086999999999999744e+00 2.900000000000000147e-02 1.112899999999999956e+01 8.100000000000000255e-02 4.450000000000000178e+00 5.099999999999999672e-02 7.799999999999999822e+00 1.009999999999999964e+01 4.954822504782752901e+01
2.330000000000000127e-01 3.086999999999999744e+00 2.900000000000000147e-02 1.239700000000000024e+01 6.600000000000000311e-02 4.450000000000000178e+00 5.099999999999999672e-02 7.799999999999999822e+00 9.699999999999999289e+00 4.954822504782752901e+01
2.330000000000000127e-01 3.086999999999999744e+00 2.900000000000000147e-02 1.404599999999999937e+01 7.199999999999999456e-02 4.450000000000000178e+00 5.099999999999999672e-02 7.799999999999999822e+00 9.699999999999999289e+00 4.954822504782752901e+01
2.330000000000000127e-01 3.086999999999999744e+00 2.900000000000000147e-02 1.403999999999999915e+01 9.400000000000000022e-02 4.450000000000000178e+00 5.099999999999999672e-02 7.900000000000000355e+00 9.599999999999999645e+00 4.954822504782752901e+01
2.330000000000000127e-01 3.086999999999999744e+00 2.900000000000000147e-02 8.983999999999999986e+00 8.999999999999999667e-02 4.450000000000000178e+00 5.099999999999999672e-02 7.700000000000000178e+00 8.800000000000000711e+00 4.954822504782752901e+01
2.330000000000000127e-01 3.086999999999999744e+00 2.900000000000000147e-02 7.854000000000000092e+00 1.110000000000000014e-01 4.450000000000000178e+00 5.099999999999999672e-02 8.000000000000000000e+00 8.300000000000000711e+00 4.954822504782752901e+01
2.330000000000000127e-01 3.086999999999999744e+00 2.900000000000000147e-02 6.610999999999999766e+00 1.170000000000000068e-01 4.450000000000000178e+00 5.099999999999999672e-02 8.000000000000000000e+00 8.000000000000000000e+00 4.954822504782752901e+01
2.330000000000000127e-01 3.086999999999999744e+00 2.900000000000000147e-02 5.046999999999999709e+00 1.219999999999999973e-01 4.450000000000000178e+00 5.099999999999999672e-02 7.400000000000000355e+00 4.799999999999999822e+00 4.954822504782752901e+01
2.330000000000000127e-01 3.086999999999999744e+00 2.900000000000000147e-02 4.628000000000000114e+00 7.299999999999999545e-02 4.450000000000000178e+00 5.099999999999999672e-02 7.700000000000000178e+00 5.599999999999999645e+00 4.954822504782752901e+01
2.330000000000000127e-01 3.086999999999999744e+00 2.900000000000000147e-02 5.689000000000000057e+00 7.299999999999999545e-02 4.450000000000000178e+00 5.099999999999999672e-02 8.099999999999999645e+00 7.099999999999999645e+00 4.954822504782752901e+01
2.330000000000000127e-01 3.086999999999999744e+00 2.900000000000000147e-02 6.256000000000000227e+00 9.500000000000000111e-02 4.450000000000000178e+00 5.099999999999999672e-02 7.900000000000000355e+00 8.400000000000000355e+00 4.954822504782752901e+01
2.330000000000000127e-01 3.086999999999999744e+00 2.900000000000000147e-02 8.837999999999999190e+00 6.600000000000000311e-02 4.450000000000000178e+00 5.099999999999999672e-02 8.099999999999999645e+00 1.000000000000000000e+01 4.954822504782752901e+01
2.330000000000000127e-01 3.086999999999999744e+00 2.900000000000000147e-02 1.069400000000000084e+01 7.499999999999999722e-02 4.450000000000000178e+00 5.099999999999999672e-02 8.099999999999999645e+00 1.009999999999999964e+01 4.954822504782752901e+01
2.330000000000000127e-01 3.086999999999999744e+00 2.900000000000000147e-02 1.226099999999999923e+01 8.300000000000000433e-02 4.450000000000000178e+00 5.099999999999999672e-02 8.000000000000000000e+00 8.900000000000000355e+00 4.954822504782752901e+01
2.330000000000000127e-01 3.086999999999999744e+00 2.900000000000000147e-02 1.467099999999999937e+01 8.899999999999999578e-02 4.450000000000000178e+00 5.099999999999999672e-02 8.000000000000000000e+00 9.099999999999999645e+00 4.954822504782752901e+01
2.330000000000000127e-01 3.086999999999999744e+00 2.900000000000000147e-02 1.252100000000000080e+01 1.019999999999999934e-01 4.450000000000000178e+00 5.099999999999999672e-02 8.199999999999999289e+00 9.500000000000000000e+00 4.954822504782752901e+01
2.330000000000000127e-01 3.086999999999999744e+00 2.900000000000000147e-02 9.800000000000000711e+00 1.000000000000000056e-01 4.450000000000000178e+00 5.099999999999999672e-02 7.900000000000000355e+00 8.500000000000000000e+00 4.954822504782752901e+01
2.330000000000000127e-01 3.086999999999999744e+00 2.900000000000000147e-02 7.511000000000000121e+00 1.019999999999999934e-01 4.450000000000000178e+00 5.099999999999999672e-02 7.900000000000000355e+00 8.199999999999999289e+00 4.954822504782752901e+01
2.330000000000000127e-01 3.086999999999999744e+00 2.900000000000000147e-02 5.366999999999999993e+00 7.900000000000000078e-02 4.450000000000000178e+00 5.099999999999999672e-02 7.900000000000000355e+00 8.599999999999999645e+00 4.954822504782752901e+01
2.330000000000000127e-01 3.086999999999999744e+00 2.900000000000000147e-02 4.907000000000000028e+00 8.300000000000000433e-02 4.450000000000000178e+00 5.099999999999999672e-02 8.099999999999999645e+00 8.599999999999999645e+00 4.954822504782752901e+01
2.330000000000000127e-01 3.086999999999999744e+00 2.900000000000000147e-02 5.443999999999999950e+00 1.089999999999999997e-01 4.450000000000000178e+00 5.099999999999999672e-02 8.099999999999999645e+00 9.500000000000000000e+00 4.954822504782752901e+01
2.330000000000000127e-01 3.086999999999999744e+00 2.900000000000000147e-02 5.011999999999999567e+00 9.700000000000000289e-02 4.450000000000000178e+00 5.099999999999999672e-02 8.000000000000000000e+00 1.180000000000000071e+01 4.954822504782752901e+01
2.330000000000000127e-01 3.086999999999999744e+00 2.900000000000000147e-02 6.450000000000000178e+00 9.700000000000000289e-02 4.450000000000000178e+00 5.099999999999999672e-02 7.700000000000000178e+00 1.030000000000000071e+01 4.954822504782752901e+01
2.330000000000000127e-01 3.086999999999999744e+00 2.900000000000000147e-02 6.453000000000000291e+00 8.400000000000000522e-02 4.450000000000000178e+00 5.099999999999999672e-02 7.700000000000000178e+00 1.259999999999999964e+01 4.954822504782752901e+01
2.330000000000000127e-01 3.086999999999999744e+00 2.900000000000000147e-02 8.242000000000000881e+00 1.039999999999999952e-01 4.450000000000000178e+00 5.099999999999999672e-02 6.900000000000000355e+00 1.109999999999999964e+01 4.954822504782752901e+01
2.330000000000000127e-01 3.086999999999999744e+00 2.900000000000000147e-02 1.243699999999999939e+01 1.010000000000000064e-01 4.450000000000000178e+00 5.099999999999999672e-02 7.500000000000000000e+00 1.180000000000000071e+01 4.954822504782752901e+01
2.330000000000000127e-01 3.086999999999999744e+00 2.900000000000000147e-02 1.077599999999999980e+01 1.390000000000000124e-01 4.450000000000000178e+00 5.099999999999999672e-02 7.700000000000000178e+00 1.130000000000000071e+01 4.954822504782752901e+01
2.330000000000000127e-01 3.086999999999999744e+00 2.900000000000000147e-02 9.018000000000000682e+00 1.690000000000000113e-01 4.450000000000000178e+00 5.099999999999999672e-02 7.400000000000000355e+00 1.069999999999999929e+01 4.954822504782752901e+01
2.330000000000000127e-01 3.086999999999999744e+00 2.900000000000000147e-02 9.625000000000000000e+00 2.200000000000000011e-01 4.450000000000000178e+00 5.099999999999999672e-02 7.500000000000000000e+00 1.159999999999999964e+01 4.954822504782752901e+01
2.330000000000000127e-01 3.086999999999999744e+00 2.900000000000000147e-02 7.110999999999999766e+00 2.059999999999999887e-01 4.450000000000000178e+00 5.099999999999999672e-02 7.700000000000000178e+00 1.059999999999999964e+01 4.954822504782752901e+01
2.330000000000000127e-01 3.086999999999999744e+00 2.900000000000000147e-02 6.775000000000000355e+00 1.229999999999999982e-01 4.450000000000000178e+00 5.099999999999999672e-02 7.500000000000000000e+00 7.299999999999999822e+00 4.954822504782752901e+01
2.330000000000000127e-01 3.086999999999999744e+00 2.900000000000000147e-02 3.544999999999999929e+00 1.580000000000000016e-01 4.450000000000000178e+00 5.099999999999999672e-02 8.000000000000000000e+00 7.599999999999999645e+00 4.954822504782752901e+01
2.330000000000000127e-01 3.086999999999999744e+00 2.900000000000000147e-02 5.693999999999999950e+00 1.960000000000000075e-01 4.450000000000000178e+00 5.099999999999999672e-02 7.400000000000000355e+00 7.700000000000000178e+00 4.954822504782752901e+01
2.330000000000000127e-01 3.086999999999999744e+00 2.900000000000000147e-02 7.850999999999999979e+00 6.700000000000000400e-02 4.450000000000000178e+00 5.099999999999999672e-02 7.599999999999999645e+00 9.300000000000000711e+00 4.954822504782752901e+01
2.330000000000000127e-01 3.086999999999999744e+00 2.900000000000000147e-02 7.583000000000000185e+00 1.100000000000000006e-01 4.450000000000000178e+00 5.099999999999999672e-02 7.400000000000000355e+00 9.400000000000000355e+00 4.954822504782752901e+01
2.330000000000000127e-01 3.086999999999999744e+00 2.900000000000000147e-02 9.691000000000000725e+00 1.300000000000000044e-01 4.450000000000000178e+00 5.099999999999999672e-02 7.500000000000000000e+00 1.050000000000000000e+01 4.954822504782752901e+01
2.330000000000000127e-01 3.086999999999999744e+00 2.900000000000000147e-02 1.007799999999999940e+01 1.270000000000000018e-01 4.450000000000000178e+00 5.099999999999999672e-02 7.500000000000000000e+00 9.800000000000000711e+00 4.954822504782752901e+01
2.330000000000000127e-01 3.086999999999999744e+00 2.900000000000000147e-02 1.033999999999999986e+01 7.299999999999999545e-02 4.450000000000000178e+00 5.099999999999999672e-02 7.500000000000000000e+00 1.050000000000000000e+01 4.954822504782752901e+01
2.330000000000000127e-01 3.086999999999999744e+00 2.900000000000000147e-02 7.714999999999999858e+00 1.390000000000000124e-01 4.450000000000000178e+00 5.099999999999999672e-02 7.599999999999999645e+00 1.050000000000000000e+01 4.954822504782752901e+01
2.330000000000000127e-01 3.086999999999999744e+00 2.900000000000000147e-02 7.506999999999999673e+00 1.710000000000000131e-01 4.450000000000000178e+00 5.099999999999999672e-02 7.799999999999999822e+00 1.150000000000000000e+01 4.954822504782752901e+01
