6.4063e+01 5.8845e+01 5.3383e+01 3.9974e+01 5.1934e+01
6.4475e+01 6.4841e+01 3.9974e+01 5.1934e+01 5.2045e+01
6.3768e+01 5.8565e+01 5.1934e+01 5.2045e+01 5.9740e+01
5.3667e+01 6.0788e+01 5.2045e+01 5.9740e+01 5.9433e+01
5.4474e+01 5.2155e+01 5.9740e+01 5.9433e+01 6.2098e+01
5.1360e+01 5.9588e+01 5.9433e+01 6.2098e+01 5.1121e+01
5.4212e+01 4.5571e+01 5.1121e+01 5.4033e+01 5.2370e+01
6.1444e+01 4.9829e+01 5.4033e+01 5.2370e+01 5.1478e+01
6.3005e+01 5.4812e+01 5.2370e+01 5.1478e+01 5.8900e+01
5.8509e+01 5.3383e+01 5.1478e+01 5.8900e+01 5.3188e+01
4.5355e+01 3.9974e+01 5.8900e+01 5.3188e+01 3.9589e+01
5.8845e+01 5.1934e+01 5.3188e+01 3.9589e+01 5.4212e+01
6.4841e+01 5.2045e+01 3.9589e+01 5.4212e+01 4.9689e+01
5.8565e+01 5.9740e+01 5.4212e+01 4.9689e+01 5.4387e+01
6.0788e+01 5.9433e+01 4.9689e+01 5.4387e+01 5.4895e+01
5.2155e+01 6.2098e+01 5.4387e+01 5.4895e+01 4.0344e+01
5.9588e+01 5.1121e+01 5.4895e+01 4.0344e+01 5.2045e+01
4.8012e+01 5.4033e+01 4.0344e+01 5.2045e+01 6.1939e+01
4.5571e+01 5.2370e+01 5.2045e+01 6.1939e+01 6.1858e+01
4.9829e+01 5.1478e+01 6.1939e+01 6.1858e+01 5.5139e+01
5.4812e+01 5.8900e+01 6.1858e+01 5.5139e+01 5.7676e+01
5.3383e+01 5.3188e+01 5.5139e+01 5.7676e+01 5.1709e+01
3.9974e+01 3.9589e+01 5.7676e+01 5.1709e+01 2.3800e+01
5.1934e+01 5.4212e+01 5.1709e+01 2.3800e+01 4.5988e+01
5.2045e+01 4.9689e+01 2.3800e+01 4.5988e+01 5.5686e+01
5.9740e+01 5.4387e+01 4.5988e+01 5.5686e+01 5.8955e+01
5.9433e+01 5.4895e+01 5.5686e+01 5.8955e+01 5.4729e+01
6.2098e+01 4.0344e+01 5.8955e+01 5.4729e+01 5.8622e+01
5.1121e+01 5.2045e+01 5.4729e+01 5.8622e+01 5.3852e+01
5.4033e+01 6.1939e+01 5.8622e+01 5.3852e+01 6.1144e+01
5.2370e+01 6.1858e+01 5.3852e+01 6.1144e+01 7.0617e+01
5.1478e+01 5.5139e+01 6.1144e+01 7.0617e+01 6.3005e+01
5.8900e+01 5.7676e+01 7.0617e+01 6.3005e+01 5.5377e+01
5.3188e+01 5.1709e+01 6.3005e+01 5.5377e+01 5.4559e+01
3.9589e+01 2.3800e+01 5.5377e+01 5.4559e+01 5.4812e+01
5.4212e+01 4.5988e+01 5.4559e+01 5.4812e+01 5.7613e+01
4.9689e+01 5.5686e+01 5.4812e+01 5.7613e+01 4.9829e+01
5.4387e+01 5.8955e+01 5.7613e+01 4.9829e+01 5.6559e+01
5.4895e+01 5.4729e+01 4.9829e+01 5.6559e+01 4.8339e+01
4.0344e+01 5.8622e+01 5.6559e+01 4.8339e+01 4.5571e+01
5.2045e+01 5.3852e+01 4.8339e+01 4.5571e+01 4.5571e+01
6.1939e+01 6.1144e+01 4.5571e+01 4.5571e+01 5.4212e+01
6.1858e+01 7.0617e+01 4.5571e+01 5.4212e+01 6.0467e+01
5.5139e+01 6.3005e+01 5.4212e+01 6.0467e+01 5.9988e+01
5.7676e+01 5.5377e+01 6.0467e+01 5.9988e+01 4.9548e+01
5.1709e+01 5.4559e+01 5.9988e+01 4.9548e+01 5.8509e+01
2.3800e+01 5.4812e+01 4.9548e+01 5.8509e+01 4.8339e+01
4.5988e+01 5.7613e+01 5.8509e+01 4.8339e+01 5.3943e+01
5.5686e+01 4.9829e+01 4.8339e+01 5.3943e+01 4.1045e+01
5.8955e+01 5.6559e+01 5.3943e+01 4.1045e+01 5.6968e+01
5.4729e+01 4.8339e+01 4.1045e+01 5.6968e+01 5.3286e+01
5.8622e+01 4.5571e+01 5.6968e+01 5.3286e+01 4.3696e+01
5.3852e+01 4.5571e+01 5.3286e+01 4.3696e+01 5.1242e+01
6.1144e+01 5.4212e+01 4.3696e+01 5.1242e+01 5.6132e+01
7.0617e+01 6.0467e+01 5.1242e+01 5.6132e+01 5.8734e+01
6.3005e+01 5.9988e+01 5.6132e+01 5.8734e+01 6.3565e+01
5.5377e+01 4.9548e+01 5.8734e+01 6.3565e+01 4.9689e+01
5.4559e+01 5.8509e+01 6.3565e+01 4.9689e+01 5.1822e+01
5.4812e+01 4.8339e+01 4.9689e+01 5.1822e+01 4.9260e+01
5.7613e+01 5.3943e+01 5.1822e+01 4.9260e+01 4.9405e+01
4.9829e+01 4.1045e+01 4.9260e+01 4.9405e+01 4.7674e+01
5.6559e+01 5.6968e+01 4.9405e+01 4.7674e+01 5.9329e+01
4.8339e+01 5.3286e+01 4.7674e+01 5.9329e+01 5.8622e+01
4.5571e+01 4.3696e+01 5.9329e+01 5.8622e+01 5.7360e+01
4.5571e+01 5.1242e+01 5.8622e+01 5.7360e+01 5.5456e+01
5.4212e+01 5.6132e+01 5.7360e+01 5.5456e+01 5.3760e+01
6.0467e+01 5.8734e+01 5.5456e+01 5.3760e+01 5.9790e+01
5.9988e+01 6.3565e+01 5.3760e+01 5.9790e+01 5.2263e+01
4.9548e+01 4.9689e+01 5.9790e+01 5.2263e+01 5.0999e+01
5.8509e+01 5.1822e+01 5.2263e+01 5.0999e+01 4.5571e+01
4.8339e+01 4.9260e+01 5.0999e+01 4.5571e+01 5.2476e+01
4.1045e+01 4.7674e+01 5.2476e+01 5.4033e+01 5.8041e+01
5.6968e+01 5.9329e+01 5.4033e+01 5.8041e+01 5.0876e+01
5.3286e+01 5.8622e+01 5.8041e+01 5.0876e+01 5.9223e+01
4.3696e+01 5.7360e+01 5.0876e+01 5.9223e+01 4.1045e+01
5.1242e+01 5.5456e+01 5.9223e+01 4.1045e+01 4.9548e+01
5.6132e+01 5.3760e+01 4.1045e+01 4.9548e+01 5.7488e+01
5.8734e+01 5.9790e+01 4.9548e+01 5.7488e+01 5.6419e+01
6.3565e+01 5.2263e+01 5.7488e+01 5.6419e+01 5.0366e+01
4.9689e+01 5.0999e+01 5.6419e+01 5.0366e+01 5.5610e+01
5.1822e+01 4.5571e+01 5.0366e+01 5.5610e+01 5.1478e+01
4.9260e+01 5.2476e+01 5.5610e+01 5.1478e+01 4.9966e+01
4.9405e+01 5.4033e+01 5.1478e+01 4.9966e+01 5.4559e+01
4.7674e+01 5.8041e+01 4.9966e+01 5.4559e+01 5.6419e+01
5.9329e+01 5.0876e+01 5.4559e+01 5.6419e+01 5.7034e+01
5.8622e+01 5.9223e+01 5.6419e+01 5.7034e+01 6.0373e+01
5.0876e+01 4.8012e+01 6.2098e+01 5.1121e+01 5.4033e+01
5.3943e+01 4.9405e+01 4.5571e+01 5.2476e+01 5.4033e+01
