5.4307e+01 6.0467e+01 5.7034e+01 4.2312e+01 5.1121e+01
6.3998e+01 6.8474e+01 4.2312e+01 5.1121e+01 5.3383e+01
6.7701e+01 5.8678e+01 5.1121e+01 5.3383e+01 6.0278e+01
5.7231e+01 6.6181e+01 5.3383e+01 6.0278e+01 6.0230e+01
5.1822e+01 5.0999e+01 6.0278e+01 6.0230e+01 6.0834e+01
5.7613e+01 6.7878e+01 6.0230e+01 6.0834e+01 5.4812e+01
4.4442e+01 4.5135e+01 5.4812e+01 5.4307e+01 5.4729e+01
5.7676e+01 4.4909e+01 5.4307e+01 5.4729e+01 5.0101e+01
6.5863e+01 5.4729e+01 5.4729e+01 5.0101e+01 5.8219e+01
6.3565e+01 5.7034e+01 5.0101e+01 5.8219e+01 4.9112e+01
4.8012e+01 4.2312e+01 5.8219e+01 4.9112e+01 3.7400e+01
6.0467e+01 5.1121e+01 4.9112e+01 3.7400e+01 5.3383e+01
6.8474e+01 5.3383e+01 3.7400e+01 5.3383e+01 5.2045e+01
5.8678e+01 6.0278e+01 5.3383e+01 5.2045e+01 5.3760e+01
6.6181e+01 6.0230e+01 5.2045e+01 5.3760e+01 5.3286e+01
5.0999e+01 6.0834e+01 5.3760e+01 5.3286e+01 5.1934e+01
6.7878e+01 5.4812e+01 5.3286e+01 5.1934e+01 5.1934e+01
4.7674e+01 5.4307e+01 5.1934e+01 5.1934e+01 5.1594e+01
4.5135e+01 5.4729e+01 5.1934e+01 5.1594e+01 5.3286e+01
4.4909e+01 5.0101e+01 5.1594e+01 5.3286e+01 5.5986e+01
5.4729e+01 5.8219e+01 5.3286e+01 5.5986e+01 5.9588e+01
5.7034e+01 4.9112e+01 5.5986e+01 5.9588e+01 4.6389e+01
4.2312e+01 3.7400e+01 5.9588e+01 4.6389e+01 4.8177e+01
5.1121e+01 5.3383e+01 4.6389e+01 4.8177e+01 4.8962e+01
5.3383e+01 5.2045e+01 4.8177e+01 4.8962e+01 5.2045e+01
6.0278e+01 5.3760e+01 4.8962e+01 5.2045e+01 6.0743e+01
6.0230e+01 5.3286e+01 5.2045e+01 6.0743e+01 5.5686e+01
6.0834e+01 5.1934e+01 6.0743e+01 5.5686e+01 4.9689e+01
5.4812e+01 5.1934e+01 5.5686e+01 4.9689e+01 4.9689e+01
5.4307e+01 5.1594e+01 4.9689e+01 4.9689e+01 5.5456e+01
5.4729e+01 5.3286e+01 4.9689e+01 5.5456e+01 6.6464e+01
5.0101e+01 5.5986e+01 5.5456e+01 6.6464e+01 6.3734e+01
5.8219e+01 5.9588e+01 6.6464e+01 6.3734e+01 5.7860e+01
4.9112e+01 4.6389e+01 6.3734e+01 5.7860e+01 4.3435e+01
3.7400e+01 4.8177e+01 5.7860e+01 4.3435e+01 5.3667e+01
5.3383e+01 4.8962e+01 4.3435e+01 5.3667e+01 7.5884e+01
5.2045e+01 5.2045e+01 5.3667e+01 7.5884e+01 4.5135e+01
5.3760e+01 6.0743e+01 7.5884e+01 4.5135e+01 3.9188e+01
5.3286e+01 5.5686e+01 4.5135e+01 3.9188e+01 5.5299e+01
5.1934e+01 4.9689e+01 3.9188e+01 5.5299e+01 5.8336e+01
5.1934e+01 4.9689e+01 5.5299e+01 5.8336e+01 5.5058e+01
5.1594e+01 5.5456e+01 5.8336e+01 5.5058e+01 5.5058e+01
5.3286e+01 6.6464e+01 5.5058e+01 5.5058e+01 4.9829e+01
5.5986e+01 6.3734e+01 5.5058e+01 4.9829e+01 5.6277e+01
5.9588e+01 5.7860e+01 4.9829e+01 5.6277e+01 5.2990e+01
4.6389e+01 4.3435e+01 5.6277e+01 5.2990e+01 4.2312e+01
4.8177e+01 5.3667e+01 5.2990e+01 4.2312e+01 4.1377e+01
4.8962e+01 7.5884e+01 4.2312e+01 4.1377e+01 4.2890e+01
5.2045e+01 4.5135e+01 4.1377e+01 4.2890e+01 3.9974e+01
6.0743e+01 3.9188e+01 4.2890e+01 3.9974e+01 6.1939e+01
5.5686e+01 5.5299e+01 3.9974e+01 6.1939e+01 5.9329e+01
4.9689e+01 5.8336e+01 6.1939e+01 5.9329e+01 4.7500e+01
4.9689e+01 5.5058e+01 5.9329e+01 4.7500e+01 5.6348e+01
5.5456e+01 5.5058e+01 4.7500e+01 5.6348e+01 5.3478e+01
6.6464e+01 4.9829e+01 5.6348e+01 5.3478e+01 6.0560e+01
6.3734e+01 5.6277e+01 5.3478e+01 6.0560e+01 6.2448e+01
5.7860e+01 5.2990e+01 6.0560e+01 6.2448e+01 5.6205e+01
4.3435e+01 4.2312e+01 6.2448e+01 5.6205e+01 4.8810e+01
5.3667e+01 4.1377e+01 5.6205e+01 4.8810e+01 4.8962e+01
7.5884e+01 4.2890e+01 4.8810e+01 4.8962e+01 4.2890e+01
3.9188e+01 6.1939e+01 4.2890e+01 5.4307e+01 5.7034e+01
5.5299e+01 5.9329e+01 5.4307e+01 5.7034e+01 5.4123e+01
5.8336e+01 4.7500e+01 5.7034e+01 5.4123e+01 5.9588e+01
5.5058e+01 5.6348e+01 5.4123e+01 5.9588e+01 5.7738e+01
5.5058e+01 5.3478e+01 5.9588e+01 5.7738e+01 5.7231e+01
4.9829e+01 6.0560e+01 5.7738e+01 5.7231e+01 6.2255e+01
5.6277e+01 6.2448e+01 5.7231e+01 6.2255e+01 5.2045e+01
5.2990e+01 5.6205e+01 6.2255e+01 5.2045e+01 5.8278e+01
4.2312e+01 4.8810e+01 5.2045e+01 5.8278e+01 5.0999e+01
4.1377e+01 4.8962e+01 5.8278e+01 5.0999e+01 4.9260e+01
3.9974e+01 5.4307e+01 4.9260e+01 5.4307e+01 5.5139e+01
6.1939e+01 5.7034e+01 5.4307e+01 5.5139e+01 5.9117e+01
5.9329e+01 5.4123e+01 5.5139e+01 5.9117e+01 6.1274e+01
4.7500e+01 5.9588e+01 5.9117e+01 6.1274e+01 4.3166e+01
5.6348e+01 5.7738e+01 6.1274e+01 4.3166e+01 5.8565e+01
5.3478e+01 5.7231e+01 4.3166e+01 5.8565e+01 5.9009e+01
6.0560e+01 6.2255e+01 5.8565e+01 5.9009e+01 5.7424e+01
6.2448e+01 5.2045e+01 5.9009e+01 5.7424e+01 5.2155e+01
5.6205e+01 5.8278e+01 5.7424e+01 5.2155e+01 6.2486e+01
4.8810e+01 5.0999e+01 5.2155e+01 6.2486e+01 4.3435e+01
4.8962e+01 4.9260e+01 6.2486e+01 4.3435e+01 4.6190e+01
4.2890e+01 5.4307e+01 4.3435e+01 4.6190e+01 4.8810e+01
5.4307e+01 5.5139e+01 4.6190e+01 4.8810e+01 5.6833e+01
5.7034e+01 5.9117e+01 4.8810e+01 5.6833e+01 6.2255e+01
5.4123e+01 6.1274e+01 5.6833e+01 6.2255e+01 5.9009e+01
5.2263e+01 4.7674e+01 6.0834e+01 5.4812e+01 5.4307e+01
4.5135e+01 3.9974e+01 4.8962e+01 4.2890e+01 5.4307e+01
4.2890e+01 4.2890e+01 5.0999e+01 4.9260e+01 5.4307e+01
