4.9548e+01 3.6897e+01 3.3901e+01 3.2389e+01 3.8771e+01
3.3901e+01 5.3090e+01 3.2389e+01 3.8771e+01 4.4442e+01
4.9548e+01 4.8656e+01 3.8771e+01 4.4442e+01 4.6773e+01
4.9548e+01 4.7674e+01 4.4442e+01 4.6773e+01 4.8012e+01
3.6897e+01 4.5355e+01 4.6773e+01 4.8012e+01 4.9548e+01
4.9548e+01 4.4200e+01 4.8012e+01 4.9548e+01 3.7400e+01
4.6960e+01 4.5571e+01 4.9548e+01 3.7400e+01 4.6773e+01
3.6366e+01 4.5135e+01 3.7400e+01 4.6773e+01 4.8177e+01
4.8499e+01 4.2312e+01 4.6773e+01 4.8177e+01 4.6773e+01
4.1045e+01 3.2389e+01 4.8177e+01 4.6773e+01 5.1121e+01
2.9566e+01 3.3901e+01 4.6773e+01 5.1121e+01 4.9548e+01
3.9188e+01 3.2389e+01 5.1121e+01 4.9548e+01 3.7400e+01
3.6897e+01 3.8771e+01 4.9548e+01 3.7400e+01 3.7400e+01
5.3090e+01 4.4442e+01 3.7400e+01 3.7400e+01 4.8810e+01
4.8656e+01 4.6773e+01 3.7400e+01 4.8810e+01 3.0600e+01
4.7674e+01 4.8012e+01 4.8810e+01 3.0600e+01 3.8335e+01
4.4200e+01 3.7400e+01 3.8335e+01 4.4168e+01 5.4300e+01
4.5571e+01 4.6773e+01 4.4168e+01 5.4300e+01 6.2410e+01
4.5135e+01 4.8177e+01 5.4300e+01 6.2410e+01 4.6773e+01
4.2312e+01 4.6773e+01 6.2410e+01 4.6773e+01 5.5377e+01
3.2389e+01 5.1121e+01 4.6773e+01 5.5377e+01 3.5211e+01
3.3901e+01 4.9548e+01 5.5377e+01 3.5211e+01 4.2011e+01
3.2389e+01 3.7400e+01 3.5211e+01 4.2011e+01 4.9548e+01
3.8771e+01 3.7400e+01 4.2011e+01 4.9548e+01 4.9548e+01
4.4442e+01 4.8810e+01 4.9548e+01 4.9548e+01 2.9566e+01
4.6773e+01 3.0600e+01 4.9548e+01 2.9566e+01 2.7101e+01
4.8012e+01 3.8335e+01 2.9566e+01 2.7101e+01 4.9829e+01
4.9548e+01 4.4168e+01 2.7101e+01 4.9829e+01 4.7500e+01
3.7400e+01 5.4300e+01 4.9829e+01 4.7500e+01 5.5058e+01
4.6773e+01 6.2410e+01 4.7500e+01 5.5058e+01 5.2155e+01
4.8177e+01 4.6773e+01 5.5058e+01 5.2155e+01 5.8509e+01
4.6773e+01 5.5377e+01 5.2155e+01 5.8509e+01 5.5686e+01
5.1121e+01 3.5211e+01 5.8509e+01 5.5686e+01 4.8012e+01
4.9548e+01 4.2011e+01 5.5686e+01 4.8012e+01 4.5988e+01
3.7400e+01 4.9548e+01 4.8012e+01 4.5988e+01 1.8789e+01
3.7400e+01 4.9548e+01 4.5988e+01 1.8789e+01 4.2605e+01
4.8810e+01 2.9566e+01 1.8789e+01 4.2605e+01 3.5211e+01
3.0600e+01 2.7101e+01 4.2605e+01 3.5211e+01 3.3174e+01
3.8335e+01 4.9829e+01 3.5211e+01 3.3174e+01 5.3760e+01
4.4168e+01 4.7500e+01 3.3174e+01 5.3760e+01 4.3696e+01
5.4300e+01 5.5058e+01 5.3760e+01 4.3696e+01 5.2370e+01
6.2410e+01 5.2155e+01 4.3696e+01 5.2370e+01 6.0834e+01
4.6773e+01 5.8509e+01 5.2370e+01 6.0834e+01 5.7424e+01
5.5377e+01 5.5686e+01 6.0834e+01 5.7424e+01 5.4123e+01
3.5211e+01 4.8012e+01 5.7424e+01 5.4123e+01 4.9829e+01
4.2011e+01 4.5988e+01 5.4123e+01 4.9829e+01 3.1535e+01
4.9548e+01 1.8789e+01 4.9829e+01 3.1535e+01 3.9188e+01
4.9548e+01 4.2605e+01 3.1535e+01 3.9188e+01 2.8411e+01
2.9566e+01 3.5211e+01 3.9188e+01 2.8411e+01 4.1377e+01
2.7101e+01 3.3174e+01 2.8411e+01 4.1377e+01 3.9188e+01
4.9829e+01 5.3760e+01 4.1377e+01 3.9188e+01 4.6389e+01
4.7500e+01 4.3696e+01 3.9188e+01 4.6389e+01 5.9063e+01
5.5058e+01 5.2370e+01 4.6389e+01 5.9063e+01 5.4977e+01
5.2155e+01 6.0834e+01 5.9063e+01 5.4977e+01 3.7400e+01
5.8509e+01 5.7424e+01 5.4977e+01 3.7400e+01 3.3174e+01
5.5686e+01 5.4123e+01 3.7400e+01 3.3174e+01 5.3090e+01
4.8012e+01 4.9829e+01 3.3174e+01 5.3090e+01 5.2890e+01
4.5988e+01 3.1535e+01 5.3090e+01 5.2890e+01 5.5219e+01
1.8789e+01 3.9188e+01 5.2890e+01 5.5219e+01 3.2389e+01
4.2605e+01 2.8411e+01 5.5219e+01 3.2389e+01 2.5589e+01
3.5211e+01 4.1377e+01 3.2389e+01 2.5589e+01 4.4442e+01
3.3174e+01 3.9188e+01 2.5589e+01 4.4442e+01 4.2605e+01
5.3760e+01 4.6389e+01 4.4442e+01 4.2605e+01 4.8656e+01
4.3696e+01 5.9063e+01 4.2605e+01 4.8656e+01 5.1709e+01
5.2370e+01 5.4977e+01 4.8656e+01 5.1709e+01 4.9966e+01
6.0834e+01 3.7400e+01 5.1709e+01 4.9966e+01 4.0344e+01
5.7424e+01 3.3174e+01 4.9966e+01 4.0344e+01 6.1359e+01
5.4123e+01 5.3090e+01 4.0344e+01 6.1359e+01 4.1045e+01
4.9829e+01 5.2890e+01 6.1359e+01 4.1045e+01 3.5211e+01
3.1535e+01 5.5219e+01 4.1045e+01 3.5211e+01 5.2045e+01
3.9188e+01 3.2389e+01 3.5211e+01 5.2045e+01 3.6897e+01
4.1377e+01 4.4442e+01 3.6897e+01 4.4168e+01 3.8771e+01
3.9188e+01 4.2605e+01 4.4168e+01 3.8771e+01 3.9589e+01
4.6389e+01 4.8656e+01 3.8771e+01 3.9589e+01 5.6205e+01
5.9063e+01 5.1709e+01 3.9589e+01 5.6205e+01 5.6277e+01
5.4977e+01 4.9966e+01 5.6205e+01 5.6277e+01 4.0344e+01
3.7400e+01 4.0344e+01 5.6277e+01 4.0344e+01 6.0373e+01
3.3174e+01 6.1359e+01 4.0344e+01 6.0373e+01 3.4578e+01
5.3090e+01 4.1045e+01 6.0373e+01 3.4578e+01 2.9566e+01
5.2890e+01 3.5211e+01 3.4578e+01 2.9566e+01 4.1045e+01
5.5219e+01 5.2045e+01 2.9566e+01 4.1045e+01 3.7400e+01
3.2389e+01 3.6897e+01 4.1045e+01 3.7400e+01 3.0600e+01
2.5589e+01 4.4168e+01 3.7400e+01 3.0600e+01 2.7101e+01
4.4442e+01 3.8771e+01 3.0600e+01 2.7101e+01 5.5533e+01
4.2605e+01 3.9589e+01 2.7101e+01 5.5533e+01 4.4678e+01
4.8656e+01 5.6205e+01 5.5533e+01 4.4678e+01 4.7845e+01
4.5355e+01 4.9548e+01 3.0600e+01 3.8335e+01 4.4168e+01
2.8411e+01 2.5589e+01 5.2045e+01 3.6897e+01 4.4168e+01
