4.0344e+01 4.1699e+01 3.5805e+01 4.1377e+01 4.2312e+01
5.3760e+01 5.7676e+01 4.1377e+01 4.2312e+01 3.6366e+01
4.0344e+01 4.3951e+01 4.2312e+01 3.6366e+01 5.0999e+01
4.9548e+01 4.8810e+01 3.6366e+01 5.0999e+01 4.6583e+01
2.7101e+01 4.2312e+01 5.0999e+01 4.6583e+01 4.5571e+01
2.5589e+01 4.1045e+01 4.6583e+01 4.5571e+01 3.3901e+01
4.0701e+01 4.2312e+01 4.5571e+01 3.3901e+01 4.1377e+01
8.0116e+00 4.8962e+01 3.3901e+01 4.1377e+01 1.8789e+01
3.3901e+01 4.3435e+01 4.1377e+01 1.8789e+01 3.8335e+01
4.2011e+01 4.4909e+01 1.8789e+01 3.8335e+01 5.0101e+01
3.3901e+01 3.5805e+01 3.8335e+01 5.0101e+01 3.5211e+01
3.1535e+01 4.1377e+01 5.0101e+01 3.5211e+01 4.9548e+01
4.1699e+01 4.2312e+01 3.5211e+01 4.9548e+01 5.6419e+01
5.7676e+01 3.6366e+01 4.9548e+01 5.6419e+01 4.8499e+01
4.3951e+01 5.0999e+01 5.6419e+01 4.8499e+01 4.5135e+01
4.8810e+01 4.6583e+01 4.8499e+01 4.5135e+01 4.1699e+01
4.2312e+01 4.5571e+01 4.5135e+01 4.1699e+01 3.8771e+01
4.1045e+01 3.3901e+01 4.1699e+01 3.8771e+01 4.0701e+01
4.2312e+01 4.1377e+01 3.8771e+01 4.0701e+01 6.0560e+01
4.8962e+01 1.8789e+01 4.0701e+01 6.0560e+01 3.6366e+01
4.3435e+01 3.8335e+01 6.0560e+01 3.6366e+01 5.6059e+01
4.4909e+01 5.0101e+01 3.6366e+01 5.6059e+01 4.8012e+01
3.5805e+01 3.5211e+01 5.6059e+01 4.8012e+01 3.3901e+01
4.1377e+01 4.9548e+01 4.8012e+01 3.3901e+01 4.5135e+01
4.2312e+01 5.6419e+01 3.3901e+01 4.5135e+01 3.5805e+01
3.6366e+01 4.8499e+01 4.5135e+01 3.5805e+01 3.0600e+01
5.0999e+01 4.5135e+01 3.5805e+01 3.0600e+01 4.0701e+01
4.6583e+01 4.1699e+01 3.0600e+01 4.0701e+01 4.6190e+01
4.5571e+01 3.8771e+01 4.0701e+01 4.6190e+01 3.6366e+01
3.3901e+01 4.0701e+01 4.6190e+01 3.6366e+01 4.6583e+01
4.1377e+01 6.0560e+01 3.6366e+01 4.6583e+01 4.8012e+01
1.8789e+01 3.6366e+01 4.6583e+01 4.8012e+01 4.5988e+01
3.8335e+01 5.6059e+01 4.8012e+01 4.5988e+01 5.1360e+01
5.0101e+01 4.8012e+01 4.5988e+01 5.1360e+01 3.9974e+01
3.5211e+01 3.3901e+01 5.1360e+01 3.9974e+01 3.9589e+01
4.9548e+01 4.5135e+01 3.9974e+01 3.9589e+01 4.9548e+01
5.6419e+01 3.5805e+01 3.9589e+01 4.9548e+01 3.8335e+01
4.8499e+01 3.0600e+01 4.9548e+01 3.8335e+01 2.5589e+01
4.5135e+01 4.0701e+01 3.8335e+01 2.5589e+01 4.9548e+01
4.1699e+01 4.6190e+01 2.5589e+01 4.9548e+01 4.2011e+01
3.8771e+01 3.6366e+01 4.9548e+01 4.2011e+01 4.1699e+01
4.0701e+01 4.6583e+01 4.2011e+01 4.1699e+01 1.8789e+01
6.0560e+01 4.8012e+01 4.1699e+01 1.8789e+01 1.8789e+01
3.6366e+01 4.5988e+01 1.8789e+01 1.8789e+01 2.8411e+01
5.6059e+01 5.1360e+01 1.8789e+01 2.8411e+01 4.4909e+01
4.8012e+01 3.9974e+01 2.8411e+01 4.4909e+01 3.3901e+01
3.3901e+01 3.9589e+01 4.4909e+01 3.3901e+01 3.2389e+01
4.5135e+01 4.9548e+01 3.3901e+01 3.2389e+01 4.1045e+01
3.5805e+01 3.8335e+01 3.2389e+01 4.1045e+01 2.5589e+01
3.0600e+01 2.5589e+01 4.1045e+01 2.5589e+01 3.8771e+01
4.0701e+01 4.9548e+01 2.5589e+01 3.8771e+01 4.3435e+01
4.6190e+01 4.2011e+01 3.8771e+01 4.3435e+01 4.1377e+01
3.6366e+01 4.1699e+01 4.3435e+01 4.1377e+01 2.1611e+01
4.6583e+01 1.8789e+01 4.1377e+01 2.1611e+01 1.8789e+01
4.8012e+01 1.8789e+01 2.1611e+01 1.8789e+01 1.8789e+01
4.5988e+01 2.8411e+01 1.8789e+01 1.8789e+01 1.4811e+01
5.1360e+01 4.4909e+01 1.8789e+01 1.4811e+01 3.1535e+01
3.9974e+01 3.3901e+01 1.4811e+01 3.1535e+01 3.0600e+01
3.9589e+01 3.2389e+01 3.1535e+01 3.0600e+01 2.1611e+01
4.9548e+01 4.1045e+01 3.0600e+01 2.1611e+01 3.3901e+01
3.8335e+01 2.5589e+01 2.1611e+01 3.3901e+01 2.5589e+01
2.5589e+01 3.8771e+01 3.3901e+01 2.5589e+01 3.4578e+01
4.9548e+01 4.3435e+01 2.5589e+01 3.4578e+01 3.5211e+01
4.2011e+01 4.1377e+01 3.4578e+01 3.5211e+01 3.6366e+01
4.1699e+01 2.1611e+01 3.5211e+01 3.6366e+01 3.3174e+01
1.8789e+01 1.8789e+01 3.6366e+01 3.3174e+01 3.2389e+01
1.8789e+01 1.8789e+01 3.3174e+01 3.2389e+01 2.3800e+01
2.8411e+01 1.4811e+01 3.2389e+01 2.3800e+01 3.8771e+01
4.4909e+01 3.1535e+01 2.3800e+01 3.8771e+01 4.9548e+01
3.3901e+01 3.0600e+01 3.8771e+01 4.9548e+01 2.9566e+01
3.2389e+01 2.1611e+01 4.9548e+01 2.9566e+01 3.2389e+01
4.1045e+01 3.3901e+01 2.9566e+01 3.2389e+01 2.8411e+01
3.8771e+01 3.4578e+01 2.8411e+01 3.7345e+01 3.3901e+01
4.3435e+01 3.5211e+01 3.7345e+01 3.3901e+01 4.0701e+01
4.1377e+01 3.6366e+01 3.3901e+01 4.0701e+01 3.8771e+01
2.1611e+01 3.3174e+01 4.0701e+01 3.8771e+01 3.6366e+01
1.8789e+01 3.2389e+01 3.8771e+01 3.6366e+01 2.3800e+01
1.8789e+01 2.3800e+01 3.6366e+01 2.3800e+01 3.6366e+01
1.4811e+01 3.8771e+01 2.3800e+01 3.6366e+01 3.0600e+01
3.1535e+01 4.9548e+01 3.6366e+01 3.0600e+01 2.5589e+01
3.0600e+01 2.9566e+01 3.0600e+01 2.5589e+01 4.9548e+01
2.1611e+01 3.2389e+01 2.5589e+01 4.9548e+01 1.4811e+01
3.3901e+01 2.8411e+01 4.9548e+01 1.4811e+01 1.8789e+01
2.5589e+01 3.7345e+01 1.4811e+01 1.8789e+01 2.1611e+01
3.4578e+01 3.3901e+01 1.8789e+01 2.1611e+01 4.2011e+01
3.5211e+01 4.0701e+01 2.1611e+01 4.2011e+01 3.3174e+01
3.6366e+01 3.8771e+01 4.2011e+01 3.3174e+01 3.3174e+01
2.5589e+01 2.5589e+01 3.2389e+01 2.8411e+01 3.7345e+01
