4.0344e+01 4.3696e+01 3.5805e+01 4.0701e+01 4.5988e+01
5.2990e+01 5.7613e+01 4.0701e+01 4.5988e+01 3.5805e+01
3.3174e+01 4.7674e+01 4.5988e+01 3.5805e+01 4.1377e+01
3.7400e+01 5.0235e+01 3.5805e+01 4.1377e+01 4.1699e+01
3.0600e+01 4.4200e+01 4.1377e+01 4.1699e+01 4.4200e+01
3.3901e+01 4.8177e+01 4.1699e+01 4.4200e+01 2.8411e+01
3.7878e+01 4.2605e+01 4.4200e+01 2.8411e+01 4.3166e+01
4.2011e+01 4.8012e+01 2.8411e+01 4.3166e+01 4.6389e+01
4.5988e+01 4.2011e+01 4.3166e+01 4.6389e+01 4.3166e+01
4.6583e+01 1.4811e+01 4.6389e+01 4.3166e+01 4.7500e+01
3.6897e+01 3.5805e+01 4.3166e+01 4.7500e+01 3.1535e+01
4.9548e+01 4.0701e+01 4.7500e+01 3.1535e+01 2.9566e+01
4.3696e+01 4.5988e+01 3.1535e+01 2.9566e+01 5.3090e+01
5.7613e+01 3.5805e+01 2.9566e+01 5.3090e+01 5.2263e+01
4.7674e+01 4.1377e+01 5.3090e+01 5.2263e+01 3.9974e+01
5.0235e+01 4.1699e+01 5.2263e+01 3.9974e+01 4.1045e+01
4.4200e+01 4.4200e+01 3.9974e+01 4.1045e+01 3.9589e+01
4.8177e+01 2.8411e+01 4.1045e+01 3.9589e+01 4.4200e+01
4.2605e+01 4.3166e+01 3.9589e+01 4.4200e+01 5.9117e+01
4.8012e+01 4.6389e+01 4.4200e+01 5.9117e+01 4.5782e+01
4.2011e+01 4.3166e+01 5.9117e+01 4.5782e+01 5.8622e+01
1.4811e+01 4.7500e+01 4.5782e+01 5.8622e+01 4.6773e+01
3.5805e+01 3.1535e+01 5.8622e+01 4.6773e+01 3.4578e+01
4.0701e+01 2.9566e+01 4.6773e+01 3.4578e+01 3.6366e+01
4.5988e+01 5.3090e+01 3.4578e+01 3.6366e+01 3.9188e+01
3.5805e+01 5.2263e+01 3.6366e+01 3.9188e+01 4.5571e+01
4.1377e+01 3.9974e+01 3.9188e+01 4.5571e+01 4.9548e+01
4.1699e+01 4.1045e+01 4.5571e+01 4.9548e+01 4.8012e+01
4.4200e+01 3.9589e+01 4.9548e+01 4.8012e+01 3.1535e+01
2.8411e+01 4.4200e+01 4.8012e+01 3.1535e+01 4.9405e+01
4.3166e+01 5.9117e+01 3.1535e+01 4.9405e+01 4.8177e+01
4.6389e+01 4.5782e+01 4.9405e+01 4.8177e+01 5.0366e+01
4.3166e+01 5.8622e+01 4.8177e+01 5.0366e+01 5.4212e+01
4.7500e+01 4.6773e+01 5.0366e+01 5.4212e+01 4.1045e+01
3.1535e+01 3.4578e+01 5.4212e+01 4.1045e+01 4.5782e+01
2.9566e+01 3.6366e+01 4.1045e+01 4.5782e+01 4.9548e+01
5.3090e+01 3.9188e+01 4.5782e+01 4.9548e+01 4.1377e+01
5.2263e+01 4.5571e+01 4.9548e+01 4.1377e+01 3.2389e+01
3.9974e+01 4.9548e+01 4.1377e+01 3.2389e+01 4.3166e+01
4.1045e+01 4.8012e+01 3.2389e+01 4.3166e+01 4.2312e+01
3.9589e+01 3.1535e+01 4.3166e+01 4.2312e+01 4.2605e+01
4.4200e+01 4.9405e+01 4.2312e+01 4.2605e+01 4.4909e+01
5.9117e+01 4.8177e+01 4.2605e+01 4.4909e+01 3.1535e+01
4.5782e+01 5.0366e+01 4.4909e+01 3.1535e+01 3.6366e+01
5.8622e+01 5.4212e+01 3.1535e+01 3.6366e+01 4.5571e+01
4.6773e+01 4.1045e+01 3.6366e+01 4.5571e+01 3.6897e+01
3.4578e+01 4.5782e+01 4.5571e+01 3.6897e+01 3.1535e+01
3.6366e+01 4.9548e+01 3.6897e+01 3.1535e+01 4.1045e+01
3.9188e+01 4.1377e+01 3.1535e+01 4.1045e+01 2.8411e+01
4.5571e+01 3.2389e+01 4.1045e+01 2.8411e+01 3.7878e+01
4.9548e+01 4.3166e+01 2.8411e+01 3.7878e+01 4.0344e+01
4.8012e+01 4.2312e+01 3.7878e+01 4.0344e+01 3.7878e+01
3.1535e+01 4.2605e+01 4.0344e+01 3.7878e+01 4.1045e+01
4.9405e+01 4.4909e+01 3.7878e+01 4.1045e+01 3.2389e+01
4.8177e+01 3.1535e+01 4.1045e+01 3.2389e+01 3.4578e+01
5.0366e+01 3.6366e+01 3.2389e+01 3.4578e+01 2.7101e+01
5.4212e+01 4.5571e+01 3.4578e+01 2.7101e+01 3.8335e+01
4.1045e+01 3.6897e+01 2.7101e+01 3.8335e+01 3.5805e+01
4.5782e+01 3.1535e+01 3.8335e+01 3.5805e+01 3.3174e+01
4.9548e+01 4.1045e+01 3.5805e+01 3.3174e+01 3.4578e+01
4.1377e+01 2.8411e+01 3.3174e+01 3.4578e+01 2.5589e+01
3.2389e+01 3.7878e+01 3.4578e+01 2.5589e+01 3.7878e+01
4.3166e+01 4.0344e+01 2.5589e+01 3.7878e+01 3.5211e+01
4.2312e+01 3.7878e+01 3.7878e+01 3.5211e+01 3.8771e+01
4.2605e+01 4.1045e+01 3.5211e+01 3.8771e+01 4.2605e+01
4.4909e+01 3.2389e+01 3.8771e+01 4.2605e+01 4.3435e+01
3.1535e+01 3.4578e+01 4.2605e+01 4.3435e+01 3.6897e+01
3.6366e+01 2.7101e+01 4.3435e+01 3.6897e+01 4.5988e+01
4.5571e+01 3.8335e+01 3.6897e+01 4.5988e+01 2.7101e+01
3.6897e+01 3.5805e+01 4.5988e+01 2.7101e+01 3.6897e+01
3.1535e+01 3.3174e+01 2.7101e+01 3.6897e+01 3.5211e+01
4.1045e+01 3.4578e+01 3.6897e+01 3.5211e+01 3.0600e+01
3.7878e+01 3.7878e+01 3.0600e+01 3.9850e+01 3.2389e+01
4.0344e+01 3.5211e+01 3.9850e+01 3.2389e+01 3.8771e+01
3.7878e+01 3.8771e+01 3.2389e+01 3.8771e+01 4.8177e+01
4.1045e+01 4.2605e+01 3.8771e+01 4.8177e+01 3.7400e+01
3.2389e+01 4.3435e+01 4.8177e+01 3.7400e+01 4.0701e+01
3.4578e+01 3.6897e+01 3.7400e+01 4.0701e+01 4.7324e+01
2.7101e+01 4.5988e+01 4.0701e+01 4.7324e+01 3.3174e+01
3.8335e+01 2.7101e+01 4.7324e+01 3.3174e+01 2.8411e+01
3.5805e+01 3.6897e+01 3.3174e+01 2.8411e+01 2.9566e+01
3.3174e+01 3.5211e+01 2.8411e+01 2.9566e+01 2.3800e+01
3.4578e+01 3.0600e+01 2.9566e+01 2.3800e+01 2.1611e+01
2.5589e+01 3.9850e+01 2.3800e+01 2.1611e+01 2.1611e+01
3.7878e+01 3.2389e+01 2.1611e+01 2.1611e+01 4.9548e+01
3.5211e+01 3.8771e+01 2.1611e+01 4.9548e+01 3.2389e+01
3.8771e+01 4.8177e+01 4.9548e+01 3.2389e+01 2.5589e+01
2.8411e+01 2.5589e+01 3.5211e+01 3.0600e+01 3.9850e+01
