5.8678e+01 5.0101e+01 4.4200e+01 4.5355e+01 3.8771e+01
6.3565e+01 6.3734e+01 4.5355e+01 3.8771e+01 4.4909e+01
6.5836e+01 6.7543e+01 3.8771e+01 4.4909e+01 5.1822e+01
6.6540e+01 5.8790e+01 4.4909e+01 5.1822e+01 4.8012e+01
2.8411e+01 4.2890e+01 5.1822e+01 4.8012e+01 5.5139e+01
5.0751e+01 4.8499e+01 4.8012e+01 5.5139e+01 5.1121e+01
4.3435e+01 4.9405e+01 5.5139e+01 5.1121e+01 5.0876e+01
4.1045e+01 5.4212e+01 5.1121e+01 5.0876e+01 5.0366e+01
3.6897e+01 4.1045e+01 5.0876e+01 5.0366e+01 5.0496e+01
4.3166e+01 4.3696e+01 5.0366e+01 5.0496e+01 6.0652e+01
4.6583e+01 4.4200e+01 5.0496e+01 6.0652e+01 4.9689e+01
3.8335e+01 4.5355e+01 6.0652e+01 4.9689e+01 4.4200e+01
5.0101e+01 3.8771e+01 4.9689e+01 4.4200e+01 5.9170e+01
6.3734e+01 4.4909e+01 4.4200e+01 5.9170e+01 5.6277e+01
6.7543e+01 5.1822e+01 5.9170e+01 5.6277e+01 5.6132e+01
5.8790e+01 4.8012e+01 5.6277e+01 5.6132e+01 5.5986e+01
4.2890e+01 5.5139e+01 5.6132e+01 5.5986e+01 5.2045e+01
4.8499e+01 5.1121e+01 5.5986e+01 5.2045e+01 5.4034e+01
4.9405e+01 5.0876e+01 5.2045e+01 5.4034e+01 6.1444e+01
5.4212e+01 5.0366e+01 5.4034e+01 6.1444e+01 6.1100e+01
4.1045e+01 5.0496e+01 6.1444e+01 6.1100e+01 6.1187e+01
4.3696e+01 6.0652e+01 6.1100e+01 6.1187e+01 5.6559e+01
4.4200e+01 4.9689e+01 6.1187e+01 5.6559e+01 4.1377e+01
4.5355e+01 4.4200e+01 5.6559e+01 4.1377e+01 4.2605e+01
3.8771e+01 5.9170e+01 4.1377e+01 4.2605e+01 4.7144e+01
4.4909e+01 5.6277e+01 4.2605e+01 4.7144e+01 5.1121e+01
5.1822e+01 5.6132e+01 4.7144e+01 5.1121e+01 6.2098e+01
4.8012e+01 5.5986e+01 5.1121e+01 6.2098e+01 5.6059e+01
5.5139e+01 5.2045e+01 6.2098e+01 5.6059e+01 6.2712e+01
5.1121e+01 5.4034e+01 5.6059e+01 6.2712e+01 6.2749e+01
5.0876e+01 6.1444e+01 6.2712e+01 6.2749e+01 6.3148e+01
5.0366e+01 6.1100e+01 6.2749e+01 6.3148e+01 6.5280e+01
5.0496e+01 6.1187e+01 6.3148e+01 6.5280e+01 6.1187e+01
6.0652e+01 5.6559e+01 6.5280e+01 6.1187e+01 6.2786e+01
4.9689e+01 4.1377e+01 6.1187e+01 6.2786e+01 5.1242e+01
4.4200e+01 4.2605e+01 6.2786e+01 5.1242e+01 6.0788e+01
5.9170e+01 4.7144e+01 5.1242e+01 6.0788e+01 4.7845e+01
5.6277e+01 5.1121e+01 6.0788e+01 4.7845e+01 2.3800e+01
5.6132e+01 6.2098e+01 4.7845e+01 2.3800e+01 5.0366e+01
5.5986e+01 5.6059e+01 2.3800e+01 5.0366e+01 6.1899e+01
5.2045e+01 6.2712e+01 5.0366e+01 6.1899e+01 4.4678e+01
5.4034e+01 6.2749e+01 6.1899e+01 4.4678e+01 5.5686e+01
6.1444e+01 6.3148e+01 4.4678e+01 5.5686e+01 5.5377e+01
6.1100e+01 6.5280e+01 5.5686e+01 5.5377e+01 3.9188e+01
6.1187e+01 6.1187e+01 5.5377e+01 3.9188e+01 4.7845e+01
5.6559e+01 6.2786e+01 3.9188e+01 4.7845e+01 2.9566e+01
4.1377e+01 5.1242e+01 4.7845e+01 2.9566e+01 2.3800e+01
4.2605e+01 6.0788e+01 2.9566e+01 2.3800e+01 4.2312e+01
4.7144e+01 4.7845e+01 2.3800e+01 4.2312e+01 4.6389e+01
5.1121e+01 2.3800e+01 4.2312e+01 4.6389e+01 4.4678e+01
6.2098e+01 5.0366e+01 4.6389e+01 4.4678e+01 4.9405e+01
5.6059e+01 6.1899e+01 4.4678e+01 4.9405e+01 4.5571e+01
6.2712e+01 4.4678e+01 4.9405e+01 4.5571e+01 3.4578e+01
6.2749e+01 5.5686e+01 4.5571e+01 3.4578e+01 2.8411e+01
6.3148e+01 5.5377e+01 3.4578e+01 2.8411e+01 3.8771e+01
6.5280e+01 3.9188e+01 2.8411e+01 3.8771e+01 2.1611e+01
6.1187e+01 4.7845e+01 3.8771e+01 2.1611e+01 4.4909e+01
6.2786e+01 2.9566e+01 2.1611e+01 4.4909e+01 5.2788e+01
5.1242e+01 2.3800e+01 4.4909e+01 5.2788e+01 4.2011e+01
6.0788e+01 4.2312e+01 5.2788e+01 4.2011e+01 5.8101e+01
4.7845e+01 4.6389e+01 4.2011e+01 5.8101e+01 3.8335e+01
2.3800e+01 4.4678e+01 5.8101e+01 3.8335e+01 3.9974e+01
5.0366e+01 4.9405e+01 3.8335e+01 3.9974e+01 5.1709e+01
6.1899e+01 4.5571e+01 3.9974e+01 5.1709e+01 4.7324e+01
4.4678e+01 3.4578e+01 5.1709e+01 4.7324e+01 4.5571e+01
5.5686e+01 2.8411e+01 4.7324e+01 4.5571e+01 5.0999e+01
5.5377e+01 3.8771e+01 4.5571e+01 5.0999e+01 4.1699e+01
3.9188e+01 2.1611e+01 5.0999e+01 4.1699e+01 6.4811e+01
4.7845e+01 4.4909e+01 4.1699e+01 6.4811e+01 2.9566e+01
2.9566e+01 5.2788e+01 6.4811e+01 2.9566e+01 3.0600e+01
2.3800e+01 4.2011e+01 2.9566e+01 3.0600e+01 3.8771e+01
4.2312e+01 5.8101e+01 3.0600e+01 3.8771e+01 3.8771e+01
4.4678e+01 3.9974e+01 3.8771e+01 4.8218e+01 4.4442e+01
4.9405e+01 5.1709e+01 4.8218e+01 4.4442e+01 5.8219e+01
4.5571e+01 4.7324e+01 4.4442e+01 5.8219e+01 5.7296e+01
3.4578e+01 4.5571e+01 5.8219e+01 5.7296e+01 5.1360e+01
2.8411e+01 5.0999e+01 5.7296e+01 5.1360e+01 5.0101e+01
3.8771e+01 4.1699e+01 5.1360e+01 5.0101e+01 6.8878e+01
2.1611e+01 6.4811e+01 5.0101e+01 6.8878e+01 2.7101e+01
4.4909e+01 2.9566e+01 6.8878e+01 2.7101e+01 3.1535e+01
5.2788e+01 3.0600e+01 2.7101e+01 3.1535e+01 2.5589e+01
4.2011e+01 3.8771e+01 3.1535e+01 2.5589e+01 3.0600e+01
5.8101e+01 3.8771e+01 2.5589e+01 3.0600e+01 4.1045e+01
3.8335e+01 4.8218e+01 3.0600e+01 4.1045e+01 3.9589e+01
3.9974e+01 4.4442e+01 4.1045e+01 3.9589e+01 4.1699e+01
5.1709e+01 5.8219e+01 3.9589e+01 4.1699e+01 4.2605e+01
4.7324e+01 5.7296e+01 4.1699e+01 4.2605e+01 4.1377e+01
4.6389e+01 3.8335e+01 3.8771e+01 3.8771e+01 4.8218e+01
