2.330000000000000127e-01 3.086999999999999744e+00 2.900000000000000147e-02 3.291999999999999815e+00 1.029999999999999943e-01 4.450000000000000178e+00 5.099999999999999672e-02 8.800000000000000711e+00 1.419999999999999929e+01 4.954822504782752901e+01
2.330000000000000127e-01 3.086999999999999744e+00 2.900000000000000147e-02 3.080999999999999961e+00 1.160000000000000059e-01 4.450000000000000178e+00 5.099999999999999672e-02 8.000000000000000000e+00 8.900000000000000355e+00 4.954822504782752901e+01
2.330000000000000127e-01 3.086999999999999744e+00 2.900000000000000147e-02 2.411000000000000032e+00 7.599999999999999811e-02 4.450000000000000178e+00 5.099999999999999672e-02 9.000000000000000000e+00 1.309999999999999964e+01 4.954822504782752901e+01
2.330000000000000127e-01 3.086999999999999744e+00 2.900000000000000147e-02 3.067000000000000171e+00 1.010000000000000064e-01 4.450000000000000178e+00 5.099999999999999672e-02 8.500000000000000000e+00 1.169999999999999929e+01 4.954822504782752901e+01
2.330000000000000127e-01 3.086999999999999744e+00 2.900000000000000147e-02 2.452999999999999847e+00 1.000000000000000056e-01 4.450000000000000178e+00 5.099999999999999672e-02 8.500000000000000000e+00 8.699999999999999289e+00 4.954822504782752901e+01
2.330000000000000127e-01 3.086999999999999744e+00 2.900000000000000147e-02 2.732000000000000206e+00 1.320000000000000062e-01 4.450000000000000178e+00 5.099999999999999672e-02 8.400000000000000355e+00 9.300000000000000711e+00 4.954822504782752901e+01
2.330000000000000127e-01 3.086999999999999744e+00 2.900000000000000147e-02 2.494000000000000217e+00 8.300000000000000433e-02 4.450000000000000178e+00 5.099999999999999672e-02 8.300000000000000711e+00 1.040000000000000036e+01 4.954822504782752901e+01
2.330000000000000127e-01 3.086999999999999744e+00 2.900000000000000147e-02 2.750000000000000000e+00 8.999999999999999667e-02 4.450000000000000178e+00 5.099999999999999672e-02 8.099999999999999645e+00 1.030000000000000071e+01 4.954822504782752901e+01
2.330000000000000127e-01 3.086999999999999744e+00 2.900000000000000147e-02 2.689000000000000057e+00 5.299999999999999850e-02 4.450000000000000178e+00 5.099999999999999672e-02 8.099999999999999645e+00 1.180000000000000071e+01 4.954822504782752901e+01
2.330000000000000127e-01 3.086999999999999744e+00 2.900000000000000147e-02 3.508999999999999897e+00 9.800000000000000377e-02 4.450000000000000178e+00 5.099999999999999672e-02 8.199999999999999289e+00 1.540000000000000036e+01 4.954822504782752901e+01
2.330000000000000127e-01 3.086999999999999744e+00 2.900000000000000147e-02 6.921000000000000263e+00 3.380000000000000226e-01 4.450000000000000178e+00 5.099999999999999672e-02 7.900000000000000355e+00 1.240000000000000036e+01 4.954822504782752901e+01
2.330000000000000127e-01 3.086999999999999744e+00 2.900000000000000147e-02 6.706999999999999851e+00 3.659999999999999920e-01 4.450000000000000178e+00 5.099999999999999672e-02 8.000000000000000000e+00 1.159999999999999964e+01 4.954822504782752901e+01
2.330000000000000127e-01 3.086999999999999744e+00 2.900000000000000147e-02 2.751999999999999780e+00 5.999999999999999778e-02 4.450000000000000178e+00 5.099999999999999672e-02 8.699999999999999289e+00 1.309999999999999964e+01 4.954822504782752901e+01
2.330000000000000127e-01 3.086999999999999744e+00 2.900000000000000147e-02 3.722999999999999865e+00 2.010000000000000120e-01 4.450000000000000178e+00 5.099999999999999672e-02 8.000000000000000000e+00 1.000000000000000000e+01 4.954822504782752901e+01
2.330000000000000127e-01 3.086999999999999744e+00 2.900000000000000147e-02 2.353000000000000203e+00 1.290000000000000036e-01 4.450000000000000178e+00 5.099999999999999672e-02 7.700000000000000178e+00 8.900000000000000355e+00 4.954822504782752901e+01
2.330000000000000127e-01 3.086999999999999744e+00 2.900000000000000147e-02 4.318999999999999950e+00 8.799999999999999489e-02 4.450000000000000178e+00 5.099999999999999672e-02 7.700000000000000178e+00 9.599999999999999645e+00 4.954822504782752901e+01
2.330000000000000127e-01 3.086999999999999744e+00 2.900000000000000147e-02 3.358000000000000096e+00 1.350000000000000089e-01 4.450000000000000178e+00 5.099999999999999672e-02 7.599999999999999645e+00 9.000000000000000000e+00 4.954822504782752901e+01
2.330000000000000127e-01 3.086999999999999744e+00 2.900000000000000147e-02 2.908999999999999808e+00 8.200000000000000344e-02 4.450000000000000178e+00 5.099999999999999672e-02 8.199999999999999289e+00 1.019999999999999929e+01 4.954822504782752901e+01
2.330000000000000127e-01 3.086999999999999744e+00 2.900000000000000147e-02 2.326999999999999957e+00 4.700000000000000011e-02 4.450000000000000178e+00 5.099999999999999672e-02 8.099999999999999645e+00 1.109999999999999964e+01 4.954822504782752901e+01
2.330000000000000127e-01 3.086999999999999744e+00 2.900000000000000147e-02 3.189999999999999947e+00 9.099999999999999756e-02 4.450000000000000178e+00 5.099999999999999672e-02 8.000000000000000000e+00 1.030000000000000071e+01 4.954822504782752901e+01
2.330000000000000127e-01 3.086999999999999744e+00 2.900000000000000147e-02 3.495000000000000107e+00 7.799999999999999989e-02 4.450000000000000178e+00 5.099999999999999672e-02 8.000000000000000000e+00 1.190000000000000036e+01 4.954822504782752901e+01
2.330000000000000127e-01 3.086999999999999744e+00 2.900000000000000147e-02 3.737999999999999989e+00 9.199999999999999845e-02 4.450000000000000178e+00 5.099999999999999672e-02 8.000000000000000000e+00 1.290000000000000036e+01 4.954822504782752901e+01
2.330000000000000127e-01 3.086999999999999744e+00 2.900000000000000147e-02 3.133000000000000007e+00 7.000000000000000666e-02 4.450000000000000178e+00 5.099999999999999672e-02 8.300000000000000711e+00 1.319999999999999929e+01 4.954822504782752901e+01
2.330000000000000127e-01 3.086999999999999744e+00 2.900000000000000147e-02 3.234999999999999876e+00 7.199999999999999456e-02 4.450000000000000178e+00 5.099999999999999672e-02 8.699999999999999289e+00 1.380000000000000071e+01 4.954822504782752901e+01
2.330000000000000127e-01 3.086999999999999744e+00 2.900000000000000147e-02 3.275999999999999801e+00 7.000000000000000666e-02 4.450000000000000178e+00 5.099999999999999672e-02 8.800000000000000711e+00 1.440000000000000036e+01 4.954822504782752901e+01
2.330000000000000127e-01 3.086999999999999744e+00 2.900000000000000147e-02 4.158000000000000362e+00 3.370000000000000218e-01 4.450000000000000178e+00 5.099999999999999672e-02 8.099999999999999645e+00 9.099999999999999645e+00 4.954822504782752901e+01
2.330000000000000127e-01 3.086999999999999744e+00 2.900000000000000147e-02 3.354000000000000092e+00 2.939999999999999836e-01 4.450000000000000178e+00 5.099999999999999672e-02 8.400000000000000355e+00 1.159999999999999964e+01 4.954822504782752901e+01
2.330000000000000127e-01 3.086999999999999744e+00 2.900000000000000147e-02 3.162999999999999812e+00 1.130000000000000032e-01 4.450000000000000178e+00 5.099999999999999672e-02 8.199999999999999289e+00 9.900000000000000355e+00 4.954822504782752901e+01
2.330000000000000127e-01 3.086999999999999744e+00 2.900000000000000147e-02 2.880999999999999783e+00 1.829999999999999960e-01 4.450000000000000178e+00 5.099999999999999672e-02 8.199999999999999289e+00 1.040000000000000036e+01 4.954822504782752901e+01
2.330000000000000127e-01 3.086999999999999744e+00 2.900000000000000147e-02 3.552999999999999936e+00 1.479999999999999927e-01 4.450000000000000178e+00 5.099999999999999672e-02 7.900000000000000355e+00 8.599999999999999645e+00 4.954822504782752901e+01
2.330000000000000127e-01 3.086999999999999744e+00 2.900000000000000147e-02 4.009000000000000341e+00 3.810000000000000053e-01 4.450000000000000178e+00 5.099999999999999672e-02 7.799999999999999822e+00 9.599999999999999645e+00 4.954822504782752901e+01
2.330000000000000127e-01 3.086999999999999744e+00 2.900000000000000147e-02 5.461999999999999744e+00 3.519999999999999796e-01 4.450000000000000178e+00 5.099999999999999672e-02 7.700000000000000178e+00 1.050000000000000000e+01 4.954822504782752901e+01
2.330000000000000127e-01 3.086999999999999744e+00 2.900000000000000147e-02 3.722999999999999865e+00 1.509999999999999953e-01 4.450000000000000178e+00 5.099999999999999672e-02 7.799999999999999822e+00 1.250000000000000000e+01 4.954822504782752901e+01
2.330000000000000127e-01 3.086999999999999744e+00 2.900000000000000147e-02 5.237000000000000099e+00 1.680000000000000104e-01 4.450000000000000178e+00 5.099999999999999672e-02 7.799999999999999822e+00 1.390000000000000036e+01 4.954822504782752901e+01
2.330000000000000127e-01 3.086999999999999744e+00 2.900000000000000147e-02 6.426000000000000156e+00 2.550000000000000044e-01 4.450000000000000178e+00 5.099999999999999672e-02 7.799999999999999822e+00 1.240000000000000036e+01 4.954822504782752901e+01
2.330000000000000127e-01 3.086999999999999744e+00 2.900000000000000147e-02 4.886999999999999567e+00 1.620000000000000051e-01 4.450000000000000178e+00 5.099999999999999672e-02 8.099999999999999645e+00 1.069999999999999929e+01 4.954822504782752901e+01
2.330000000000000127e-01 3.086999999999999744e+00 2.900000000000000147e-02 2.057999999999999829e+00 7.199999999999999456e-02 4.450000000000000178e+00 5.099999999999999672e-02 8.900000000000000355e+00 1.290000000000000036e+01 4.954822504782752901e+01
2.330000000000000127e-01 3.086999999999999744e+00 2.900000000000000147e-02 2.232000000000000206e+00 1.729999999999999871e-01 4.450000000000000178e+00 5.099999999999999672e-02 9.099999999999999645e+00 1.000000000000000000e+01 4.954822504782752901e+01
2.330000000000000127e-01 3.086999999999999744e+00 2.900000000000000147e-02 2.569999999999999840e+00 1.509999999999999953e-01 4.450000000000000178e+00 5.099999999999999672e-02 8.699999999999999289e+00 1.100000000000000000e+01 4.954822504782752901e+01
2.330000000000000127e-01 3.086999999999999744e+00 2.900000000000000147e-02 2.741000000000000103e+00 1.670000000000000095e-01 4.450000000000000178e+00 5.099999999999999672e-02 8.300000000000000711e+00 9.800000000000000711e+00 4.954822504782752901e+01
2.330000000000000127e-01 3.086999999999999744e+00 2.900000000000000147e-02 3.205999999999999961e+00 1.179999999999999938e-01 4.450000000000000178e+00 5.099999999999999672e-02 8.500000000000000000e+00 1.259999999999999964e+01 4.954822504782752901e+01
2.330000000000000127e-01 3.086999999999999744e+00 2.900000000000000147e-02 3.209999999999999964e+00 1.199999999999999956e-01 4.450000000000000178e+00 5.099999999999999672e-02 8.400000000000000355e+00 1.340000000000000036e+01 4.954822504782752901e+01
2.330000000000000127e-01 3.086999999999999744e+00 2.900000000000000147e-02 4.073999999999999844e+00 2.059999999999999887e-01 4.450000000000000178e+00 5.099999999999999672e-02 8.500000000000000000e+00 1.209999999999999964e+01 4.954822504782752901e+01
2.330000000000000127e-01 3.086999999999999744e+00 2.900000000000000147e-02 4.200000000000000178e+00 1.290000000000000036e-01 4.450000000000000178e+00 5.099999999999999672e-02 8.400000000000000355e+00 1.350000000000000000e+01 4.954822504782752901e+01
2.330000000000000127e-01 3.086999999999999744e+00 2.900000000000000147e-02 2.904999999999999805e+00 9.500000000000000111e-02 4.450000000000000178e+00 5.099999999999999672e-02 8.500000000000000000e+00 1.350000000000000000e+01 4.954822504782752901e+01
2.330000000000000127e-01 3.086999999999999744e+00 2.900000000000000147e-02 4.466999999999999638e+00 1.519999999999999962e-01 4.450000000000000178e+00 5.099999999999999672e-02 8.400000000000000355e+00 1.390000000000000036e+01 4.954822504782752901e+01
2.330000000000000127e-01 3.086999999999999744e+00 2.900000000000000147e-02 4.275999999999999801e+00 1.590000000000000024e-01 4.450000000000000178e+00 5.099999999999999672e-02 8.599999999999999645e+00 1.390000000000000036e+01 4.954822504782752901e+01
2.330000000000000127e-01 3.086999999999999744e+00 2.900000000000000147e-02 3.225999999999999979e+00 1.600000000000000033e-01 4.450000000000000178e+00 5.099999999999999672e-02 8.500000000000000000e+00 1.450000000000000000e+01 4.954822504782752901e+01
