3.3174e+01 4.9548e+01 3.1535e+01 4.5355e+01 4.1377e+01
2.9566e+01 4.8423e+01 4.5355e+01 4.1377e+01 4.2605e+01
4.8423e+01 4.8423e+01 4.1377e+01 4.2605e+01 4.4909e+01
3.5805e+01 4.8423e+01 4.2605e+01 4.4909e+01 4.4200e+01
4.9548e+01 4.8423e+01 4.4909e+01 4.4200e+01 3.0600e+01
4.8423e+01 4.7845e+01 4.4200e+01 3.0600e+01 4.3166e+01
4.8423e+01 4.8423e+01 4.8423e+01 4.8423e+01 3.7400e+01
4.8423e+01 4.8423e+01 4.8423e+01 3.7400e+01 3.7878e+01
4.8423e+01 4.8423e+01 3.7400e+01 3.7878e+01 5.0751e+01
4.8423e+01 4.8423e+01 3.7878e+01 5.0751e+01 6.0182e+01
4.8423e+01 4.8423e+01 5.0751e+01 6.0182e+01 5.3383e+01
4.8423e+01 4.8423e+01 6.0182e+01 5.3383e+01 7.3123e+01
4.8423e+01 4.8423e+01 5.3383e+01 7.3123e+01 6.0182e+01
4.8423e+01 4.8423e+01 7.3123e+01 6.0182e+01 6.1100e+01
4.8423e+01 4.8423e+01 6.0182e+01 6.1100e+01 5.5837e+01
4.8423e+01 4.8423e+01 6.1100e+01 5.5837e+01 4.2890e+01
4.8423e+01 4.8423e+01 5.5837e+01 4.2890e+01 5.2155e+01
4.8423e+01 4.8423e+01 4.2890e+01 5.2155e+01 4.6960e+01
4.8423e+01 3.7400e+01 5.2155e+01 4.6960e+01 5.3286e+01
4.8423e+01 3.7878e+01 4.6960e+01 5.3286e+01 4.8962e+01
4.8423e+01 5.0751e+01 5.3286e+01 4.8962e+01 4.6190e+01
4.8423e+01 6.0182e+01 4.8962e+01 4.6190e+01 6.7900e+01
4.8423e+01 5.3383e+01 4.6190e+01 6.7900e+01 5.2890e+01
4.8423e+01 7.3123e+01 6.7900e+01 5.2890e+01 7.4600e+01
4.8423e+01 6.0182e+01 5.2890e+01 7.4600e+01 3.6366e+01
4.8423e+01 6.1100e+01 7.4600e+01 3.6366e+01 3.5211e+01
4.8423e+01 5.5837e+01 3.6366e+01 3.5211e+01 3.7400e+01
4.8423e+01 4.2890e+01 3.5211e+01 3.7400e+01 5.2890e+01
4.8423e+01 5.2155e+01 3.7400e+01 5.2890e+01 4.5135e+01
4.8423e+01 4.6960e+01 5.2890e+01 4.5135e+01 4.5571e+01
3.7400e+01 5.3286e+01 4.5135e+01 4.5571e+01 4.7845e+01
3.7878e+01 4.8962e+01 4.5571e+01 4.7845e+01 5.1822e+01
5.0751e+01 4.6190e+01 4.7845e+01 5.1822e+01 5.0999e+01
6.0182e+01 6.7900e+01 5.1822e+01 5.0999e+01 5.9170e+01
5.3383e+01 5.2890e+01 5.0999e+01 5.9170e+01 5.4559e+01
7.3123e+01 7.4600e+01 5.9170e+01 5.4559e+01 4.5988e+01
6.0182e+01 3.6366e+01 5.4559e+01 4.5988e+01 4.7500e+01
6.1100e+01 3.5211e+01 4.5988e+01 4.7500e+01 5.7034e+01
5.5837e+01 3.7400e+01 4.7500e+01 5.7034e+01 5.5058e+01
4.2890e+01 5.2890e+01 5.7034e+01 5.5058e+01 4.5355e+01
5.2155e+01 4.5135e+01 5.5058e+01 4.5355e+01 5.0999e+01
4.6960e+01 4.5571e+01 4.5355e+01 5.0999e+01 5.6348e+01
4.8962e+01 5.1822e+01 5.6348e+01 4.8423e+01 4.8810e+01
4.6190e+01 5.0999e+01 4.8423e+01 4.8810e+01 4.9112e+01
6.7900e+01 5.9170e+01 4.8810e+01 4.9112e+01 5.7488e+01
5.2890e+01 5.4559e+01 4.9112e+01 5.7488e+01 5.3943e+01
7.4600e+01 4.5988e+01 5.7488e+01 5.3943e+01 4.7144e+01
3.6366e+01 4.7500e+01 5.3943e+01 4.7144e+01 5.8790e+01
3.5211e+01 5.7034e+01 4.7144e+01 5.8790e+01 5.5377e+01
3.7400e+01 5.5058e+01 5.8790e+01 5.5377e+01 4.2890e+01
5.2890e+01 4.5355e+01 5.5377e+01 4.2890e+01 4.8012e+01
4.5135e+01 5.0999e+01 4.2890e+01 4.8012e+01 4.3435e+01
4.5571e+01 5.6348e+01 4.8012e+01 4.3435e+01 4.4200e+01
4.7845e+01 4.8423e+01 4.3435e+01 4.4200e+01 6.1486e+01
5.1822e+01 4.8810e+01 4.4200e+01 6.1486e+01 4.3166e+01
5.0999e+01 4.9112e+01 6.1486e+01 4.3166e+01 4.8962e+01
5.9170e+01 5.7488e+01 4.3166e+01 4.8962e+01 5.0496e+01
4.8423e+01 4.8499e+01 3.0600e+01 4.3166e+01 4.8423e+01
4.0344e+01 6.0373e+01 4.3166e+01 4.8423e+01 4.8423e+01
6.5970e+01 4.1699e+01 4.8423e+01 4.8423e+01 4.8423e+01
4.0701e+01 2.9566e+01 4.8423e+01 4.8423e+01 4.8423e+01
3.3174e+01 3.1535e+01 4.8423e+01 4.8423e+01 4.8423e+01
4.9548e+01 4.5355e+01 4.8423e+01 4.8423e+01 4.8423e+01
4.9548e+01 4.1377e+01 4.8423e+01 4.8423e+01 4.8423e+01
4.8423e+01 4.2605e+01 4.8423e+01 4.8423e+01 4.8423e+01
4.8423e+01 4.4909e+01 4.8423e+01 4.8423e+01 4.8423e+01
4.8423e+01 4.4200e+01 4.8423e+01 4.8423e+01 4.8423e+01
4.8423e+01 3.0600e+01 4.8423e+01 4.8423e+01 4.8423e+01
4.7845e+01 4.3166e+01 4.8423e+01 4.8423e+01 4.8423e+01
4.8499e+01 4.8423e+01 4.8423e+01 4.8423e+01 4.8423e+01
6.0373e+01 4.8423e+01 4.8423e+01 4.8423e+01 4.8423e+01
4.1699e+01 4.8423e+01 4.8423e+01 4.8423e+01 4.8423e+01
2.9566e+01 4.8423e+01 4.8423e+01 4.8423e+01 4.8423e+01
3.1535e+01 4.8423e+01 4.8423e+01 4.8423e+01 4.8423e+01
4.5355e+01 4.8423e+01 4.8423e+01 4.8423e+01 4.8423e+01
4.1377e+01 4.8423e+01 4.8423e+01 4.8423e+01 4.8423e+01
4.2605e+01 4.8423e+01 4.8423e+01 4.8423e+01 4.8423e+01
4.4909e+01 4.8423e+01 4.8423e+01 4.8423e+01 4.8423e+01
4.4200e+01 4.8423e+01 4.8423e+01 4.8423e+01 4.8423e+01
3.0600e+01 4.8423e+01 4.8423e+01 4.8423e+01 4.8423e+01
4.3166e+01 4.8423e+01 4.8423e+01 4.8423e+01 4.8423e+01
4.8423e+01 4.8423e+01 4.8423e+01 4.8423e+01 4.8423e+01
4.8423e+01 4.8423e+01 4.8423e+01 4.8423e+01 4.8423e+01
4.8423e+01 4.8423e+01 4.8423e+01 4.8423e+01 4.8423e+01
4.8423e+01 4.8423e+01 4.8423e+01 4.8423e+01 4.8423e+01
4.8423e+01 4.8423e+01 4.8423e+01 4.8423e+01 4.8423e+01
4.8423e+01 4.8423e+01 4.8423e+01 4.8423e+01 4.8423e+01
5.3286e+01 4.7845e+01 5.0999e+01 5.6348e+01 4.8423e+01
