5.3622e+01 5.9063e+01 4.8012e+01 3.6366e+01 5.2045e+01
6.6788e+01 6.3497e+01 3.6366e+01 5.2045e+01 5.4729e+01
6.1144e+01 5.5219e+01 5.2045e+01 5.4729e+01 5.9223e+01
5.1934e+01 5.2155e+01 5.4729e+01 5.9223e+01 5.5219e+01
4.4909e+01 3.3901e+01 5.9223e+01 5.5219e+01 5.7360e+01
4.2605e+01 6.3041e+01 5.5219e+01 5.7360e+01 5.1242e+01
5.6277e+01 5.3573e+01 5.7360e+01 5.1242e+01 4.7674e+01
4.4200e+01 3.8335e+01 5.1242e+01 4.7674e+01 4.6960e+01
6.0698e+01 5.0999e+01 4.7674e+01 4.6960e+01 6.3801e+01
6.4960e+01 5.6132e+01 4.6960e+01 6.3801e+01 3.7878e+01
5.9009e+01 4.8012e+01 6.3801e+01 3.7878e+01 2.8411e+01
4.7324e+01 3.6366e+01 3.7878e+01 2.8411e+01 2.8411e+01
5.9063e+01 5.2045e+01 2.8411e+01 2.8411e+01 4.3951e+01
6.3497e+01 5.4729e+01 2.8411e+01 4.3951e+01 3.9589e+01
5.5219e+01 5.9223e+01 4.3951e+01 3.9589e+01 4.2011e+01
5.2155e+01 5.5219e+01 3.9589e+01 4.2011e+01 4.5135e+01
3.3901e+01 5.7360e+01 4.2011e+01 4.5135e+01 5.4895e+01
6.3041e+01 5.1242e+01 4.5135e+01 5.4895e+01 5.3090e+01
5.3573e+01 4.7674e+01 5.4895e+01 5.3090e+01 6.1144e+01
3.8335e+01 4.6960e+01 5.3090e+01 6.1144e+01 5.1360e+01
5.0999e+01 6.3801e+01 6.1144e+01 5.1360e+01 6.9016e+01
5.6132e+01 3.7878e+01 5.1360e+01 6.9016e+01 5.5837e+01
4.8012e+01 2.8411e+01 6.9016e+01 5.5837e+01 6.5222e+01
3.6366e+01 2.8411e+01 5.5837e+01 6.5222e+01 4.1699e+01
5.2045e+01 4.3951e+01 6.5222e+01 4.1699e+01 5.1242e+01
5.4729e+01 3.9589e+01 4.1699e+01 5.1242e+01 4.2890e+01
5.9223e+01 4.2011e+01 5.1242e+01 4.2890e+01 5.1121e+01
5.5219e+01 4.5135e+01 4.2890e+01 5.1121e+01 5.5610e+01
5.7360e+01 5.4895e+01 5.1121e+01 5.5610e+01 5.2370e+01
5.1242e+01 5.3090e+01 5.5610e+01 5.2370e+01 4.5355e+01
4.7674e+01 6.1144e+01 5.2370e+01 4.5355e+01 6.4599e+01
4.6960e+01 5.1360e+01 4.5355e+01 6.4599e+01 6.3667e+01
6.3801e+01 6.9016e+01 6.4599e+01 6.3667e+01 5.9381e+01
3.7878e+01 5.5837e+01 6.3667e+01 5.9381e+01 6.0513e+01
2.8411e+01 6.5222e+01 5.9381e+01 6.0513e+01 5.7034e+01
2.8411e+01 4.1699e+01 6.0513e+01 5.7034e+01 3.6897e+01
4.3951e+01 5.1242e+01 5.7034e+01 3.6897e+01 4.9548e+01
3.9589e+01 4.2890e+01 3.6897e+01 4.9548e+01 5.9170e+01
4.2011e+01 5.1121e+01 4.9548e+01 5.9170e+01 6.1899e+01
4.5135e+01 5.5610e+01 5.9170e+01 6.1899e+01 5.6833e+01
5.4895e+01 5.2370e+01 6.1899e+01 5.6833e+01 5.0624e+01
5.3090e+01 4.5355e+01 5.6833e+01 5.0624e+01 5.4559e+01
6.1144e+01 6.4599e+01 5.0624e+01 5.4559e+01 5.9170e+01
5.1360e+01 6.3667e+01 5.4559e+01 5.9170e+01 5.1709e+01
6.9016e+01 5.9381e+01 5.9170e+01 5.1709e+01 6.5890e+01
5.5837e+01 6.0513e+01 5.1709e+01 6.5890e+01 5.9740e+01
6.5222e+01 5.7034e+01 6.5890e+01 5.9740e+01 6.4721e+01
4.1699e+01 3.6897e+01 5.9740e+01 6.4721e+01 5.6059e+01
5.1242e+01 4.9548e+01 6.4721e+01 5.6059e+01 5.5139e+01
4.2890e+01 5.9170e+01 5.6059e+01 5.5139e+01 5.2263e+01
5.1121e+01 6.1899e+01 5.5139e+01 5.2263e+01 5.6132e+01
5.5610e+01 5.6833e+01 5.2263e+01 5.6132e+01 5.6419e+01
5.2370e+01 5.0624e+01 5.6132e+01 5.6419e+01 5.0101e+01
4.5355e+01 5.4559e+01 5.6419e+01 5.0101e+01 5.6833e+01
6.4599e+01 5.9170e+01 5.0101e+01 5.6833e+01 4.2011e+01
6.3667e+01 5.1709e+01 5.6833e+01 4.2011e+01 5.8336e+01
5.9381e+01 6.5890e+01 4.2011e+01 5.8336e+01 5.9276e+01
6.0513e+01 5.9740e+01 5.8336e+01 5.9276e+01 5.4123e+01
5.7034e+01 6.4721e+01 5.9276e+01 5.4123e+01 5.4034e+01
3.6897e+01 5.6059e+01 5.4123e+01 5.4034e+01 5.2890e+01
4.9548e+01 5.5139e+01 5.4034e+01 5.2890e+01 4.9966e+01
5.9170e+01 5.2263e+01 5.2890e+01 4.9966e+01 4.7144e+01
6.1899e+01 5.6132e+01 4.9966e+01 4.7144e+01 5.0235e+01
5.6833e+01 5.6419e+01 4.7144e+01 5.0235e+01 5.8336e+01
5.0624e+01 5.0101e+01 5.0235e+01 5.8336e+01 5.8160e+01
5.4559e+01 5.6833e+01 5.8336e+01 5.8160e+01 5.2890e+01
5.9170e+01 4.2011e+01 5.8160e+01 5.2890e+01 6.0606e+01
5.1709e+01 5.8336e+01 5.2890e+01 6.0606e+01 6.2486e+01
6.5890e+01 5.9276e+01 6.0606e+01 6.2486e+01 4.5571e+01
5.9740e+01 5.4123e+01 6.2486e+01 4.5571e+01 6.1570e+01
6.4721e+01 5.4034e+01 4.5571e+01 6.1570e+01 5.1934e+01
5.6059e+01 5.2890e+01 6.1570e+01 5.1934e+01 5.0999e+01
5.2263e+01 4.7144e+01 5.0999e+01 5.3622e+01 5.6348e+01
5.6132e+01 5.0235e+01 5.3622e+01 5.6348e+01 5.5533e+01
5.6419e+01 5.8336e+01 5.6348e+01 5.5533e+01 5.7551e+01
5.0101e+01 5.8160e+01 5.5533e+01 5.7551e+01 5.3286e+01
5.6833e+01 5.2890e+01 5.7551e+01 5.3286e+01 5.0235e+01
4.2011e+01 6.0606e+01 5.3286e+01 5.0235e+01 5.8734e+01
5.8336e+01 6.2486e+01 5.0235e+01 5.8734e+01 5.8394e+01
5.9276e+01 4.5571e+01 5.8734e+01 5.8394e+01 6.0420e+01
5.4123e+01 6.1570e+01 5.8394e+01 6.0420e+01 5.9689e+01
5.4034e+01 5.1934e+01 6.0420e+01 5.9689e+01 5.8565e+01
5.2890e+01 5.0999e+01 5.9689e+01 5.8565e+01 4.8177e+01
4.9966e+01 5.3622e+01 5.8565e+01 4.8177e+01 5.2581e+01
4.7144e+01 5.6348e+01 4.8177e+01 5.2581e+01 6.1570e+01
5.0235e+01 5.5533e+01 5.2581e+01 6.1570e+01 6.0037e+01
5.8336e+01 5.7551e+01 6.1570e+01 6.0037e+01 6.3183e+01
5.5139e+01 4.9966e+01 5.1934e+01 5.0999e+01 5.3622e+01
