3.7878e+01 4.6960e+01 3.7878e+01 4.9405e+01 4.7144e+01
4.7674e+01 6.0652e+01 4.9405e+01 4.7144e+01 4.8339e+01
4.6960e+01 6.1858e+01 4.7144e+01 4.8339e+01 5.1478e+01
5.4212e+01 5.4895e+01 4.8339e+01 5.1478e+01 5.0999e+01
1.4811e+01 4.8177e+01 5.1478e+01 5.0999e+01 6.0878e+01
5.8041e+01 6.1528e+01 5.0999e+01 6.0878e+01 5.0366e+01
4.2011e+01 4.8962e+01 6.0878e+01 5.0366e+01 4.2890e+01
3.5805e+01 6.4930e+01 5.0366e+01 4.2890e+01 6.5450e+01
5.9588e+01 4.6389e+01 4.2890e+01 6.5450e+01 4.7324e+01
4.2312e+01 5.2890e+01 6.5450e+01 4.7324e+01 4.8177e+01
4.9112e+01 3.7878e+01 4.7324e+01 4.8177e+01 3.5805e+01
3.3901e+01 4.9405e+01 4.8177e+01 3.5805e+01 3.8335e+01
4.6960e+01 4.7144e+01 3.5805e+01 3.8335e+01 4.7845e+01
6.0652e+01 4.8339e+01 3.8335e+01 4.7845e+01 4.5135e+01
6.1858e+01 5.1478e+01 4.7845e+01 4.5135e+01 5.8219e+01
5.4895e+01 5.0999e+01 4.5135e+01 5.8219e+01 5.4644e+01
4.8177e+01 6.0878e+01 5.8219e+01 5.4644e+01 5.5533e+01
6.1528e+01 5.0366e+01 5.4644e+01 5.5533e+01 6.2448e+01
4.8962e+01 4.2890e+01 5.5533e+01 6.2448e+01 7.0634e+01
6.4930e+01 6.5450e+01 6.2448e+01 7.0634e+01 5.3383e+01
4.6389e+01 4.7324e+01 7.0634e+01 5.3383e+01 6.0788e+01
5.2890e+01 4.8177e+01 5.3383e+01 6.0788e+01 3.9974e+01
3.7878e+01 3.5805e+01 6.0788e+01 3.9974e+01 3.1535e+01
4.9405e+01 3.8335e+01 3.9974e+01 3.1535e+01 4.9112e+01
4.7144e+01 4.7845e+01 3.1535e+01 4.9112e+01 4.2011e+01
4.8339e+01 4.5135e+01 4.9112e+01 4.2011e+01 3.6366e+01
5.1478e+01 5.8219e+01 4.2011e+01 3.6366e+01 5.1478e+01
5.0999e+01 5.4644e+01 3.6366e+01 5.1478e+01 6.2486e+01
6.0878e+01 5.5533e+01 5.1478e+01 6.2486e+01 3.6897e+01
5.0366e+01 6.2448e+01 6.2486e+01 3.6897e+01 5.9890e+01
4.2890e+01 7.0634e+01 3.6897e+01 5.9890e+01 6.0182e+01
6.5450e+01 5.3383e+01 5.9890e+01 6.0182e+01 5.7981e+01
4.7324e+01 6.0788e+01 6.0182e+01 5.7981e+01 5.6059e+01
4.8177e+01 3.9974e+01 5.7981e+01 5.6059e+01 5.1478e+01
3.5805e+01 3.1535e+01 5.6059e+01 5.1478e+01 4.3435e+01
3.8335e+01 4.9112e+01 5.1478e+01 4.3435e+01 3.0600e+01
4.7845e+01 4.2011e+01 4.3435e+01 3.0600e+01 4.6960e+01
4.5135e+01 3.6366e+01 3.0600e+01 4.6960e+01 2.3800e+01
5.8219e+01 5.1478e+01 4.6960e+01 2.3800e+01 4.3166e+01
5.4644e+01 6.2486e+01 2.3800e+01 4.3166e+01 5.8678e+01
5.5533e+01 3.6897e+01 4.3166e+01 5.8678e+01 6.3393e+01
6.2448e+01 5.9890e+01 5.8678e+01 6.3393e+01 5.7034e+01
7.0634e+01 6.0182e+01 6.3393e+01 5.7034e+01 5.7100e+01
5.3383e+01 5.7981e+01 5.7034e+01 5.7100e+01 6.9530e+01
6.0788e+01 5.6059e+01 5.7100e+01 6.9530e+01 5.9381e+01
3.9974e+01 5.1478e+01 6.9530e+01 5.9381e+01 4.4442e+01
3.1535e+01 4.3435e+01 5.9381e+01 4.4442e+01 3.7400e+01
4.9112e+01 3.0600e+01 4.4442e+01 3.7400e+01 5.1360e+01
4.2011e+01 4.6960e+01 3.7400e+01 5.1360e+01 3.9974e+01
3.6366e+01 2.3800e+01 5.1360e+01 3.9974e+01 4.5782e+01
5.1478e+01 4.3166e+01 3.9974e+01 4.5782e+01 4.8177e+01
6.2486e+01 5.8678e+01 4.5782e+01 4.8177e+01 5.5686e+01
3.6897e+01 6.3393e+01 4.8177e+01 5.5686e+01 5.5912e+01
5.9890e+01 5.7034e+01 5.5686e+01 5.5912e+01 4.1377e+01
6.0182e+01 5.7100e+01 5.5912e+01 4.1377e+01 4.2890e+01
5.7981e+01 6.9530e+01 4.1377e+01 4.2890e+01 3.9589e+01
5.6059e+01 5.9381e+01 4.2890e+01 3.9589e+01 5.0496e+01
5.1478e+01 4.4442e+01 3.9589e+01 5.0496e+01 4.6190e+01
4.3435e+01 3.7400e+01 5.0496e+01 4.6190e+01 4.2605e+01
3.0600e+01 5.1360e+01 4.6190e+01 4.2605e+01 4.5571e+01
4.6960e+01 3.9974e+01 4.2605e+01 4.5571e+01 4.3166e+01
2.3800e+01 4.5782e+01 4.5571e+01 4.3166e+01 4.9260e+01
4.3166e+01 4.8177e+01 4.3166e+01 4.9260e+01 5.5837e+01
5.8678e+01 5.5686e+01 4.9260e+01 5.5837e+01 5.5139e+01
6.3393e+01 5.5912e+01 5.5837e+01 5.5139e+01 6.1100e+01
5.7034e+01 4.1377e+01 5.5139e+01 6.1100e+01 6.3801e+01
5.7100e+01 4.2890e+01 6.1100e+01 6.3801e+01 4.6190e+01
6.9530e+01 3.9589e+01 6.3801e+01 4.6190e+01 8.3614e+01
5.9381e+01 5.0496e+01 4.6190e+01 8.3614e+01 5.6348e+01
4.4442e+01 4.6190e+01 8.3614e+01 5.6348e+01 3.8335e+01
3.7400e+01 4.2605e+01 5.6348e+01 3.8335e+01 4.6960e+01
5.1360e+01 4.5571e+01 3.8335e+01 4.6960e+01 4.5988e+01
4.5782e+01 4.9260e+01 4.5988e+01 4.9746e+01 4.7845e+01
4.8177e+01 5.5837e+01 4.9746e+01 4.7845e+01 5.4895e+01
5.5686e+01 5.5139e+01 4.7845e+01 5.4895e+01 6.0606e+01
5.5912e+01 6.1100e+01 5.4895e+01 6.0606e+01 6.4192e+01
4.1377e+01 6.3801e+01 6.0606e+01 6.4192e+01 5.3383e+01
4.2890e+01 4.6190e+01 6.4192e+01 5.3383e+01 7.0001e+01
3.9589e+01 8.3614e+01 5.3383e+01 7.0001e+01 5.8790e+01
5.0496e+01 5.6348e+01 7.0001e+01 5.8790e+01 4.5782e+01
4.6190e+01 3.8335e+01 5.8790e+01 4.5782e+01 3.3901e+01
4.2605e+01 4.6960e+01 4.5782e+01 3.3901e+01 3.3901e+01
4.5571e+01 4.5988e+01 3.3901e+01 3.3901e+01 4.3696e+01
4.3166e+01 4.9746e+01 3.3901e+01 4.3696e+01 3.1535e+01
4.9260e+01 4.7845e+01 4.3696e+01 3.1535e+01 4.6773e+01
5.5837e+01 5.4895e+01 3.1535e+01 4.6773e+01 4.8177e+01
5.5139e+01 6.0606e+01 4.6773e+01 4.8177e+01 5.3943e+01
3.9974e+01 4.3166e+01 4.6960e+01 4.5988e+01 4.9746e+01
