5.5856e+01 6.1316e+01 5.4474e+01 4.3696e+01 5.1594e+01
5.5856e+01 6.9930e+01 4.3696e+01 5.1594e+01 5.2045e+01
6.5727e+01 5.6277e+01 5.1594e+01 5.2045e+01 6.1144e+01
5.2890e+01 6.3112e+01 5.2045e+01 6.1144e+01 6.0698e+01
5.3090e+01 5.3383e+01 6.1144e+01 6.0698e+01 6.0278e+01
5.4123e+01 6.4319e+01 6.0698e+01 6.0278e+01 5.6205e+01
5.6559e+01 4.5135e+01 5.6205e+01 5.5856e+01 5.5686e+01
6.1316e+01 4.7845e+01 5.5856e+01 5.5686e+01 5.1121e+01
6.5863e+01 5.4559e+01 5.5686e+01 5.1121e+01 5.7166e+01
6.3219e+01 5.4474e+01 5.1121e+01 5.7166e+01 4.8499e+01
4.8656e+01 4.3696e+01 5.7166e+01 4.8499e+01 4.5135e+01
6.1316e+01 5.1594e+01 4.8499e+01 4.5135e+01 5.9223e+01
6.9930e+01 5.2045e+01 4.5135e+01 5.9223e+01 4.9112e+01
5.6277e+01 6.1144e+01 5.9223e+01 4.9112e+01 5.3478e+01
6.3112e+01 6.0698e+01 4.9112e+01 5.3478e+01 5.2581e+01
5.3383e+01 6.0278e+01 5.3478e+01 5.2581e+01 4.4442e+01
6.4319e+01 5.6205e+01 5.2581e+01 4.4442e+01 5.2890e+01
4.8177e+01 5.5856e+01 4.4442e+01 5.2890e+01 4.7324e+01
4.5135e+01 5.5686e+01 5.2890e+01 4.7324e+01 5.8278e+01
4.7845e+01 5.1121e+01 4.7324e+01 5.8278e+01 5.6419e+01
5.4559e+01 5.7166e+01 5.8278e+01 5.6419e+01 6.6102e+01
5.4474e+01 4.8499e+01 5.6419e+01 6.6102e+01 5.5837e+01
4.3696e+01 4.5135e+01 6.6102e+01 5.5837e+01 3.8335e+01
5.1594e+01 5.9223e+01 5.5837e+01 3.8335e+01 5.2685e+01
5.2045e+01 4.9112e+01 3.8335e+01 5.2685e+01 5.6901e+01
6.1144e+01 5.3478e+01 5.2685e+01 5.6901e+01 5.8160e+01
6.0698e+01 5.2581e+01 5.6901e+01 5.8160e+01 5.4300e+01
6.0278e+01 4.4442e+01 5.8160e+01 5.4300e+01 5.6348e+01
5.6205e+01 5.2890e+01 5.4300e+01 5.6348e+01 5.0876e+01
5.5856e+01 4.7324e+01 5.6348e+01 5.0876e+01 5.6348e+01
5.5686e+01 5.8278e+01 5.0876e+01 5.6348e+01 6.7633e+01
5.1121e+01 5.6419e+01 5.6348e+01 6.7633e+01 6.2600e+01
5.7166e+01 6.6102e+01 6.7633e+01 6.2600e+01 5.7488e+01
4.8499e+01 5.5837e+01 6.2600e+01 5.7488e+01 4.9548e+01
4.5135e+01 3.8335e+01 5.7488e+01 4.9548e+01 5.7860e+01
5.9223e+01 5.2685e+01 4.9548e+01 5.7860e+01 7.8515e+01
4.9112e+01 5.6901e+01 5.7860e+01 7.8515e+01 5.7296e+01
5.3478e+01 5.8160e+01 7.8515e+01 5.7296e+01 5.6489e+01
5.2581e+01 5.4300e+01 5.7296e+01 5.6489e+01 4.7674e+01
4.4442e+01 5.6348e+01 5.6489e+01 4.7674e+01 5.4729e+01
5.2890e+01 5.0876e+01 4.7674e+01 5.4729e+01 4.3166e+01
4.7324e+01 5.6348e+01 5.4729e+01 4.3166e+01 6.0788e+01
5.8278e+01 6.7633e+01 4.3166e+01 6.0788e+01 6.0278e+01
5.6419e+01 6.2600e+01 6.0788e+01 6.0278e+01 6.1899e+01
6.6102e+01 5.7488e+01 6.0278e+01 6.1899e+01 5.8509e+01
5.5837e+01 4.9548e+01 6.1899e+01 5.8509e+01 5.5139e+01
3.8335e+01 5.7860e+01 5.8509e+01 5.5139e+01 5.3852e+01
5.2685e+01 7.8515e+01 5.5139e+01 5.3852e+01 5.6277e+01
5.6901e+01 5.7296e+01 5.3852e+01 5.6277e+01 5.5762e+01
5.8160e+01 5.6489e+01 5.6277e+01 5.5762e+01 5.9588e+01
5.4300e+01 4.7674e+01 5.5762e+01 5.9588e+01 5.5139e+01
5.6348e+01 5.4729e+01 5.9588e+01 5.5139e+01 5.0235e+01
5.0876e+01 4.3166e+01 5.5139e+01 5.0235e+01 5.7551e+01
5.6348e+01 6.0788e+01 5.0235e+01 5.7551e+01 5.6766e+01
6.7633e+01 6.0278e+01 5.7551e+01 5.6766e+01 6.0420e+01
6.2600e+01 6.1899e+01 5.6766e+01 6.0420e+01 6.4841e+01
5.7488e+01 5.8509e+01 6.0420e+01 6.4841e+01 5.5837e+01
4.9548e+01 5.5139e+01 6.4841e+01 5.5837e+01 5.3943e+01
5.7860e+01 5.3852e+01 5.5837e+01 5.3943e+01 5.1360e+01
7.8515e+01 5.6277e+01 5.3943e+01 5.1360e+01 5.2155e+01
5.7296e+01 5.5762e+01 5.1360e+01 5.2155e+01 5.0235e+01
5.6489e+01 5.9588e+01 5.2155e+01 5.0235e+01 5.9009e+01
4.7674e+01 5.5139e+01 5.0235e+01 5.9009e+01 5.7100e+01
5.4729e+01 5.0235e+01 5.9009e+01 5.7100e+01 5.8734e+01
4.3166e+01 5.7551e+01 5.7100e+01 5.8734e+01 5.7738e+01
6.0788e+01 5.6766e+01 5.8734e+01 5.7738e+01 5.5610e+01
6.0278e+01 6.0420e+01 5.7738e+01 5.5610e+01 5.9009e+01
6.1899e+01 6.4841e+01 5.5610e+01 5.9009e+01 5.9063e+01
5.8509e+01 5.5837e+01 5.9009e+01 5.9063e+01 6.0086e+01
5.5139e+01 5.3943e+01 5.9063e+01 6.0086e+01 5.1934e+01
5.3852e+01 5.1360e+01 6.0086e+01 5.1934e+01 5.1594e+01
5.5762e+01 5.0235e+01 5.1594e+01 5.5856e+01 6.1316e+01
5.9588e+01 5.9009e+01 5.5856e+01 6.1316e+01 5.8041e+01
5.5139e+01 5.7100e+01 6.1316e+01 5.8041e+01 6.0326e+01
5.0235e+01 5.8734e+01 5.8041e+01 6.0326e+01 4.6773e+01
5.7551e+01 5.7738e+01 6.0326e+01 4.6773e+01 4.7674e+01
5.6766e+01 5.5610e+01 4.6773e+01 4.7674e+01 6.3900e+01
6.0420e+01 5.9009e+01 4.7674e+01 6.3900e+01 5.5377e+01
6.4841e+01 5.9063e+01 6.3900e+01 5.5377e+01 4.8339e+01
5.5837e+01 6.0086e+01 5.5377e+01 4.8339e+01 6.2138e+01
5.3943e+01 5.1934e+01 4.8339e+01 6.2138e+01 5.7799e+01
5.1360e+01 5.1594e+01 6.2138e+01 5.7799e+01 5.1121e+01
5.2155e+01 5.5856e+01 5.7799e+01 5.1121e+01 5.4212e+01
5.0235e+01 6.1316e+01 5.1121e+01 5.4212e+01 6.4629e+01
5.9009e+01 5.8041e+01 5.4212e+01 6.4629e+01 5.3667e+01
5.7100e+01 6.0326e+01 6.4629e+01 5.3667e+01 5.9740e+01
5.1121e+01 4.8177e+01 6.0278e+01 5.6205e+01 5.5856e+01
5.6277e+01 5.2155e+01 5.1934e+01 5.1594e+01 5.5856e+01
