4.9548e+01 4.9548e+01 4.9548e+01 4.9548e+01 4.9548e+01
4.9548e+01 4.9548e+01 4.9548e+01 4.9548e+01 4.9548e+01
4.9548e+01 4.9548e+01 4.9548e+01 4.9548e+01 4.9548e+01
4.9548e+01 4.9548e+01 4.9548e+01 4.9548e+01 4.9548e+01
4.9548e+01 4.9548e+01 4.9548e+01 4.9548e+01 4.9548e+01
4.9548e+01 4.9548e+01 4.9548e+01 4.9548e+01 4.9548e+01
4.9548e+01 4.9548e+01 4.9548e+01 4.9548e+01 4.9548e+01
4.9548e+01 4.9548e+01 4.9548e+01 4.9548e+01 4.9548e+01
4.9548e+01 4.9548e+01 4.9548e+01 4.9548e+01 4.9548e+01
4.9548e+01 4.9548e+01 4.9548e+01 4.9548e+01 4.9548e+01
4.9548e+01 4.9548e+01 4.9548e+01 4.9548e+01 4.9548e+01
4.9548e+01 4.9548e+01 4.9548e+01 4.9548e+01 4.9548e+01
4.9548e+01 4.9548e+01 4.9548e+01 4.9548e+01 4.9548e+01
4.9548e+01 4.9548e+01 4.9548e+01 4.9548e+01 4.9548e+01
4.9548e+01 4.9548e+01 4.9548e+01 4.9548e+01 4.9548e+01
4.9548e+01 4.9548e+01 4.9548e+01 4.9548e+01 4.9548e+01
4.9548e+01 4.9548e+01 4.9548e+01 4.9548e+01 4.9548e+01
4.9548e+01 4.9548e+01 4.9548e+01 4.9548e+01 4.9548e+01
4.9548e+01 4.9548e+01 4.9548e+01 4.9548e+01 4.9548e+01
4.9548e+01 4.9548e+01 4.9548e+01 4.9548e+01 4.9548e+01
4.9548e+01 4.9548e+01 4.9548e+01 4.9548e+01 4.9548e+01
4.9548e+01 4.9548e+01 4.9548e+01 4.9548e+01 4.9548e+01
4.9548e+01 4.9548e+01 4.9548e+01 4.9548e+01 4.9548e+01
4.9548e+01 4.9548e+01 4.9548e+01 4.9548e+01 4.9548e+01
4.9548e+01 4.9548e+01 4.9548e+01 4.9548e+01 4.9548e+01
4.9548e+01 4.9548e+01 4.9548e+01 4.9548e+01 4.9548e+01
4.9548e+01 4.9548e+01 4.9548e+01 4.9548e+01 4.9548e+01
4.9548e+01 4.9548e+01 4.9548e+01 4.9548e+01 4.9548e+01
4.9548e+01 4.9548e+01 4.9548e+01 4.9548e+01 4.9548e+01
4.9548e+01 4.9548e+01 4.9548e+01 4.9548e+01 4.9548e+01
4.9548e+01 4.9548e+01 4.9548e+01 4.9548e+01 4.9548e+01
4.9548e+01 4.9548e+01 4.9548e+01 4.9548e+01 4.9548e+01
4.9548e+01 4.9548e+01 4.9548e+01 4.9548e+01 4.9548e+01
4.9548e+01 4.9548e+01 4.9548e+01 4.9548e+01 4.9548e+01
4.9548e+01 4.9548e+01 4.9548e+01 4.9548e+01 4.9548e+01
4.9548e+01 4.9548e+01 4.9548e+01 4.9548e+01 4.9548e+01
4.9548e+01 4.9548e+01 4.9548e+01 4.9548e+01 4.9548e+01
4.9548e+01 4.9548e+01 4.9548e+01 4.9548e+01 4.9548e+01
4.9548e+01 4.9548e+01 4.9548e+01 4.9548e+01 4.9548e+01
4.9548e+01 4.9548e+01 4.9548e+01 4.9548e+01 4.9548e+01
4.9548e+01 4.9548e+01 4.9548e+01 4.9548e+01 4.9548e+01
4.9548e+01 4.9548e+01 4.9548e+01 4.9548e+01 4.9548e+01
4.9548e+01 4.9548e+01 4.9548e+01 4.9548e+01 4.9548e+01
4.9548e+01 4.9548e+01 4.9548e+01 4.9548e+01 4.9548e+01
4.9548e+01 4.9548e+01 4.9548e+01 4.9548e+01 4.9548e+01
4.9548e+01 4.9548e+01 4.9548e+01 4.9548e+01 4.9548e+01
4.9548e+01 4.9548e+01 4.9548e+01 4.9548e+01 4.9548e+01
4.9548e+01 4.9548e+01 4.9548e+01 4.9548e+01 4.9548e+01
4.9548e+01 4.9548e+01 4.9548e+01 4.9548e+01 4.9548e+01
4.9548e+01 4.9548e+01 4.9548e+01 4.9548e+01 4.9548e+01
4.9548e+01 4.9548e+01 4.9548e+01 4.9548e+01 4.9548e+01
4.9548e+01 4.9548e+01 4.9548e+01 4.9548e+01 4.9548e+01
4.9548e+01 4.9548e+01 4.9548e+01 4.9548e+01 4.9548e+01
4.9548e+01 4.9548e+01 4.9548e+01 4.9548e+01 4.9548e+01
4.9548e+01 4.9548e+01 4.9548e+01 4.9548e+01 4.9548e+01
4.9548e+01 4.9548e+01 4.9548e+01 4.9548e+01 4.9548e+01
4.9548e+01 4.9548e+01 4.9548e+01 4.9548e+01 4.9548e+01
4.9548e+01 4.9548e+01 4.9548e+01 4.9548e+01 4.9548e+01
4.9548e+01 4.9548e+01 4.9548e+01 4.9548e+01 4.9548e+01
4.9548e+01 4.9548e+01 4.9548e+01 4.9548e+01 4.9548e+01
4.9548e+01 4.9548e+01 4.9548e+01 4.9548e+01 4.9548e+01
4.9548e+01 4.9548e+01 4.9548e+01 4.9548e+01 4.9548e+01
4.9548e+01 4.9548e+01 4.9548e+01 4.9548e+01 4.9548e+01
4.9548e+01 4.9548e+01 4.9548e+01 4.9548e+01 4.9548e+01
4.9548e+01 4.9548e+01 4.9548e+01 4.9548e+01 4.9548e+01
4.9548e+01 4.9548e+01 4.9548e+01 4.9548e+01 4.9548e+01
4.9548e+01 4.9548e+01 4.9548e+01 4.9548e+01 4.9548e+01
4.9548e+01 4.9548e+01 4.9548e+01 4.9548e+01 4.9548e+01
4.9548e+01 4.9548e+01 4.9548e+01 4.9548e+01 4.9548e+01
4.9548e+01 4.9548e+01 4.9548e+01 4.9548e+01 4.9548e+01
4.9548e+01 4.9548e+01 4.9548e+01 4.9548e+01 4.9548e+01
4.9548e+01 4.9548e+01 4.9548e+01 4.9548e+01 4.9548e+01
4.9548e+01 4.9548e+01 4.9548e+01 4.9548e+01 4.9548e+01
4.9548e+01 4.9548e+01 4.9548e+01 4.9548e+01 4.9548e+01
4.9548e+01 4.9548e+01 4.9548e+01 4.9548e+01 4.9548e+01
4.9548e+01 4.9548e+01 4.9548e+01 4.9548e+01 4.9548e+01
4.9548e+01 4.9548e+01 4.9548e+01 4.9548e+01 4.9548e+01
4.9548e+01 4.9548e+01 4.9548e+01 4.9548e+01 4.9548e+01
4.9548e+01 4.9548e+01 4.9548e+01 4.9548e+01 4.9548e+01
4.9548e+01 4.9548e+01 4.9548e+01 4.9548e+01 4.9548e+01
4.9548e+01 4.9548e+01 4.9548e+01 4.9548e+01 4.9548e+01
4.9548e+01 4.9548e+01 4.9548e+01 4.9548e+01 4.9548e+01
4.9548e+01 4.9548e+01 4.9548e+01 4.9548e+01 4.9548e+01
4.9548e+01 4.9548e+01 4.9548e+01 4.9548e+01 4.9548e+01
4.9548e+01 4.9548e+01 4.9548e+01 4.9548e+01 4.9548e+01
4.9548e+01 4.9548e+01 4.9548e+01 4.9548e+01 4.9548e+01
4.9548e+01 4.9548e+01 4.9548e+01 4.9548e+01 4.9548e+01
4.9548e+01 4.9548e+01 4.9548e+01 4.9548e+01 4.9548e+01
