3.7400e+01 4.2011e+01 3.6366e+01 4.1377e+01 5.0876e+01
8.0116e+00 4.6583e+01 4.1377e+01 5.0876e+01 3.8771e+01
2.7101e+01 3.9188e+01 5.0876e+01 3.8771e+01 5.0624e+01
4.1045e+01 5.5377e+01 3.8771e+01 5.0624e+01 4.5988e+01
4.9548e+01 4.5135e+01 5.0624e+01 4.5988e+01 4.6960e+01
4.1045e+01 6.2562e+01 4.5988e+01 4.6960e+01 4.3951e+01
4.7144e+01 4.9260e+01 4.6960e+01 4.3951e+01 4.1377e+01
4.0701e+01 5.9009e+01 4.3951e+01 4.1377e+01 5.4474e+01
4.9548e+01 4.0701e+01 4.1377e+01 5.4474e+01 4.0344e+01
4.5355e+01 4.5988e+01 5.4474e+01 4.0344e+01 4.8499e+01
3.3174e+01 3.6366e+01 4.0344e+01 4.8499e+01 4.2011e+01
3.3901e+01 4.1377e+01 4.8499e+01 4.2011e+01 3.3901e+01
4.2011e+01 5.0876e+01 4.2011e+01 3.3901e+01 4.6773e+01
4.6583e+01 3.8771e+01 3.3901e+01 4.6773e+01 2.5589e+01
3.9188e+01 5.0624e+01 4.6773e+01 2.5589e+01 4.5782e+01
5.5377e+01 4.5988e+01 2.5589e+01 4.5782e+01 4.1377e+01
4.5135e+01 4.6960e+01 4.5782e+01 4.1377e+01 4.7845e+01
6.2562e+01 4.3951e+01 4.1377e+01 4.7845e+01 5.5456e+01
4.9260e+01 4.1377e+01 4.7845e+01 5.5456e+01 6.7790e+01
5.9009e+01 5.4474e+01 5.5456e+01 6.7790e+01 4.0701e+01
4.0701e+01 4.0344e+01 6.7790e+01 4.0701e+01 5.4977e+01
4.5988e+01 4.8499e+01 4.0701e+01 5.4977e+01 4.0701e+01
3.6366e+01 4.2011e+01 5.4977e+01 4.0701e+01 3.6366e+01
4.1377e+01 3.3901e+01 4.0701e+01 3.6366e+01 2.8411e+01
5.0876e+01 4.6773e+01 3.6366e+01 2.8411e+01 3.8335e+01
3.8771e+01 2.5589e+01 2.8411e+01 3.8335e+01 3.8335e+01
5.0624e+01 4.5782e+01 3.8335e+01 3.8335e+01 4.3696e+01
4.5988e+01 4.1377e+01 3.8335e+01 4.3696e+01 5.0876e+01
4.6960e+01 4.7845e+01 4.3696e+01 5.0876e+01 5.2370e+01
4.3951e+01 5.5456e+01 5.0876e+01 5.2370e+01 5.3852e+01
4.1377e+01 6.7790e+01 5.2370e+01 5.3852e+01 5.0496e+01
5.4474e+01 4.0701e+01 5.3852e+01 5.0496e+01 5.1478e+01
4.0344e+01 5.4977e+01 5.0496e+01 5.1478e+01 5.4387e+01
4.8499e+01 4.0701e+01 5.1478e+01 5.4387e+01 5.1478e+01
4.2011e+01 3.6366e+01 5.4387e+01 5.1478e+01 4.8339e+01
3.3901e+01 2.8411e+01 5.1478e+01 4.8339e+01 3.2389e+01
4.6773e+01 3.8335e+01 4.8339e+01 3.2389e+01 4.2605e+01
2.5589e+01 3.8335e+01 3.2389e+01 4.2605e+01 3.0600e+01
4.5782e+01 4.3696e+01 4.2605e+01 3.0600e+01 2.8411e+01
4.1377e+01 5.0876e+01 3.0600e+01 2.8411e+01 5.5299e+01
4.7845e+01 5.2370e+01 2.8411e+01 5.5299e+01 4.5782e+01
5.5456e+01 5.3852e+01 5.5299e+01 4.5782e+01 5.5377e+01
6.7790e+01 5.0496e+01 4.5782e+01 5.5377e+01 4.7674e+01
4.0701e+01 5.1478e+01 5.5377e+01 4.7674e+01 5.8678e+01
5.4977e+01 5.4387e+01 4.7674e+01 5.8678e+01 6.1274e+01
4.0701e+01 5.1478e+01 5.8678e+01 6.1274e+01 5.3573e+01
3.6366e+01 4.8339e+01 6.1274e+01 5.3573e+01 4.5355e+01
2.8411e+01 3.2389e+01 5.3573e+01 4.5355e+01 4.6773e+01
3.8335e+01 4.2605e+01 4.5355e+01 4.6773e+01 4.3696e+01
3.8335e+01 3.0600e+01 4.6773e+01 4.3696e+01 4.1699e+01
4.3696e+01 2.8411e+01 4.3696e+01 4.1699e+01 4.0344e+01
5.0876e+01 5.5299e+01 4.1699e+01 4.0344e+01 4.4909e+01
5.2370e+01 4.5782e+01 4.0344e+01 4.4909e+01 4.5571e+01
5.3852e+01 5.5377e+01 4.4909e+01 4.5571e+01 5.1822e+01
5.0496e+01 4.7674e+01 4.5571e+01 5.1822e+01 4.0344e+01
5.1478e+01 5.8678e+01 5.1822e+01 4.0344e+01 2.7101e+01
5.4387e+01 6.1274e+01 4.0344e+01 2.7101e+01 5.8900e+01
5.1478e+01 5.3573e+01 2.7101e+01 5.8900e+01 5.1594e+01
4.8339e+01 4.5355e+01 5.8900e+01 5.1594e+01 5.2990e+01
3.2389e+01 4.6773e+01 5.1594e+01 5.2990e+01 4.2890e+01
4.2605e+01 4.3696e+01 5.2990e+01 4.2890e+01 4.4909e+01
3.0600e+01 4.1699e+01 4.2890e+01 4.4909e+01 4.8339e+01
2.8411e+01 4.0344e+01 4.4909e+01 4.8339e+01 4.2312e+01
5.5299e+01 4.4909e+01 4.8339e+01 4.2312e+01 5.3667e+01
4.5782e+01 4.5571e+01 4.2312e+01 5.3667e+01 6.2968e+01
5.5377e+01 5.1822e+01 5.3667e+01 6.2968e+01 6.1612e+01
4.7674e+01 4.0344e+01 6.2968e+01 6.1612e+01 4.7674e+01
5.8678e+01 2.7101e+01 6.1612e+01 4.7674e+01 6.8030e+01
6.1274e+01 5.8900e+01 4.7674e+01 6.8030e+01 3.5805e+01
5.3573e+01 5.1594e+01 6.8030e+01 3.5805e+01 3.9188e+01
4.5355e+01 5.2990e+01 3.5805e+01 3.9188e+01 5.0751e+01
4.6773e+01 4.2890e+01 3.9188e+01 5.0751e+01 4.6960e+01
4.1699e+01 4.8339e+01 4.6960e+01 4.6187e+01 5.8219e+01
4.0344e+01 4.2312e+01 4.6187e+01 5.8219e+01 4.9405e+01
4.4909e+01 5.3667e+01 5.8219e+01 4.9405e+01 5.6766e+01
4.5571e+01 6.2968e+01 4.9405e+01 5.6766e+01 6.9171e+01
5.1822e+01 6.1612e+01 5.6766e+01 6.9171e+01 5.5299e+01
4.0344e+01 4.7674e+01 6.9171e+01 5.5299e+01 6.1274e+01
2.7101e+01 6.8030e+01 5.5299e+01 6.1274e+01 3.5805e+01
5.8900e+01 3.5805e+01 6.1274e+01 3.5805e+01 6.1736e+01
5.1594e+01 3.9188e+01 3.5805e+01 6.1736e+01 5.5912e+01
5.2990e+01 5.0751e+01 6.1736e+01 5.5912e+01 3.8335e+01
4.2890e+01 4.6960e+01 5.5912e+01 3.8335e+01 4.2890e+01
4.4909e+01 4.6187e+01 3.8335e+01 4.2890e+01 3.1535e+01
4.8339e+01 5.8219e+01 4.2890e+01 3.1535e+01 4.6960e+01
4.2312e+01 4.9405e+01 3.1535e+01 4.6960e+01 4.3435e+01
5.3667e+01 5.6766e+01 4.6960e+01 4.3435e+01 5.1478e+01
4.3696e+01 4.4909e+01 5.0751e+01 4.6960e+01 4.6187e+01
