2.330000000000000127e-01 3.086999999999999744e+00 2.900000000000000147e-02 7.089000000000000412e+00 2.049999999999999878e-01 4.450000000000000178e+00 5.099999999999999672e-02 7.599999999999999645e+00 1.080000000000000071e+01 4.954822504782752901e+01
2.330000000000000127e-01 3.086999999999999744e+00 2.900000000000000147e-02 5.070999999999999730e+00 2.670000000000000151e-01 4.450000000000000178e+00 5.099999999999999672e-02 7.500000000000000000e+00 6.799999999999999822e+00 4.954822504782752901e+01
2.330000000000000127e-01 3.086999999999999744e+00 2.900000000000000147e-02 6.639999999999999680e+00 2.169999999999999984e-01 4.450000000000000178e+00 5.099999999999999672e-02 7.900000000000000355e+00 1.130000000000000071e+01 4.954822504782752901e+01
2.330000000000000127e-01 3.086999999999999744e+00 2.900000000000000147e-02 5.711999999999999744e+00 1.799999999999999933e-01 4.450000000000000178e+00 5.099999999999999672e-02 7.700000000000000178e+00 7.799999999999999822e+00 4.954822504782752901e+01
2.330000000000000127e-01 3.086999999999999744e+00 2.900000000000000147e-02 6.727000000000000313e+00 1.260000000000000009e-01 4.450000000000000178e+00 5.099999999999999672e-02 8.000000000000000000e+00 8.500000000000000000e+00 4.954822504782752901e+01
2.330000000000000127e-01 3.086999999999999744e+00 2.900000000000000147e-02 7.139000000000000234e+00 1.390000000000000124e-01 4.450000000000000178e+00 5.099999999999999672e-02 7.700000000000000178e+00 7.000000000000000000e+00 4.954822504782752901e+01
2.330000000000000127e-01 3.086999999999999744e+00 2.900000000000000147e-02 6.373999999999999666e+00 1.970000000000000084e-01 4.450000000000000178e+00 5.099999999999999672e-02 7.799999999999999822e+00 6.700000000000000178e+00 4.954822504782752901e+01
2.330000000000000127e-01 3.086999999999999744e+00 2.900000000000000147e-02 7.588000000000000078e+00 1.239999999999999991e-01 4.450000000000000178e+00 5.099999999999999672e-02 7.900000000000000355e+00 9.599999999999999645e+00 4.954822504782752901e+01
2.330000000000000127e-01 3.086999999999999744e+00 2.900000000000000147e-02 8.419000000000000483e+00 9.199999999999999845e-02 4.450000000000000178e+00 5.099999999999999672e-02 7.900000000000000355e+00 9.599999999999999645e+00 4.954822504782752901e+01
2.330000000000000127e-01 3.086999999999999744e+00 2.900000000000000147e-02 1.089100000000000001e+01 1.130000000000000032e-01 4.450000000000000178e+00 5.099999999999999672e-02 7.900000000000000355e+00 9.300000000000000711e+00 4.954822504782752901e+01
2.330000000000000127e-01 3.086999999999999744e+00 2.900000000000000147e-02 1.351900000000000013e+01 1.429999999999999882e-01 4.450000000000000178e+00 5.099999999999999672e-02 7.900000000000000355e+00 9.500000000000000000e+00 4.954822504782752901e+01
2.330000000000000127e-01 3.086999999999999744e+00 2.900000000000000147e-02 9.771000000000000796e+00 1.260000000000000009e-01 4.450000000000000178e+00 5.099999999999999672e-02 8.000000000000000000e+00 9.099999999999999645e+00 4.954822504782752901e+01
2.330000000000000127e-01 3.086999999999999744e+00 2.900000000000000147e-02 7.278999999999999915e+00 1.519999999999999962e-01 4.450000000000000178e+00 5.099999999999999672e-02 7.799999999999999822e+00 8.300000000000000711e+00 4.954822504782752901e+01
2.330000000000000127e-01 3.086999999999999744e+00 2.900000000000000147e-02 6.738000000000000433e+00 1.960000000000000075e-01 4.450000000000000178e+00 5.099999999999999672e-02 7.900000000000000355e+00 7.000000000000000000e+00 4.954822504782752901e+01
2.330000000000000127e-01 3.086999999999999744e+00 2.900000000000000147e-02 6.112000000000000099e+00 2.210000000000000020e-01 4.450000000000000178e+00 5.099999999999999672e-02 7.799999999999999822e+00 7.299999999999999822e+00 4.954822504782752901e+01
2.330000000000000127e-01 3.086999999999999744e+00 2.900000000000000147e-02 5.363999999999999879e+00 2.169999999999999984e-01 4.450000000000000178e+00 5.099999999999999672e-02 7.700000000000000178e+00 5.000000000000000000e+00 4.954822504782752901e+01
2.330000000000000127e-01 3.086999999999999744e+00 2.900000000000000147e-02 5.251999999999999780e+00 1.469999999999999918e-01 4.450000000000000178e+00 5.099999999999999672e-02 7.900000000000000355e+00 6.599999999999999645e+00 4.954822504782752901e+01
2.330000000000000127e-01 3.086999999999999744e+00 2.900000000000000147e-02 5.301000000000000156e+00 1.489999999999999936e-01 4.450000000000000178e+00 5.099999999999999672e-02 8.099999999999999645e+00 7.400000000000000355e+00 4.954822504782752901e+01
2.330000000000000127e-01 3.086999999999999744e+00 2.900000000000000147e-02 5.777999999999999581e+00 1.519999999999999962e-01 4.450000000000000178e+00 5.099999999999999672e-02 8.000000000000000000e+00 8.699999999999999289e+00 4.954822504782752901e+01
2.330000000000000127e-01 3.086999999999999744e+00 2.900000000000000147e-02 7.248999999999999666e+00 8.500000000000000611e-02 4.450000000000000178e+00 5.099999999999999672e-02 8.099999999999999645e+00 8.400000000000000355e+00 4.954822504782752901e+01
2.330000000000000127e-01 3.086999999999999744e+00 2.900000000000000147e-02 7.557999999999999829e+00 9.199999999999999845e-02 4.450000000000000178e+00 5.099999999999999672e-02 8.099999999999999645e+00 9.099999999999999645e+00 4.954822504782752901e+01
2.330000000000000127e-01 3.086999999999999744e+00 2.900000000000000147e-02 9.480999999999999872e+00 8.400000000000000522e-02 4.450000000000000178e+00 5.099999999999999672e-02 8.099999999999999645e+00 8.400000000000000355e+00 4.954822504782752901e+01
2.330000000000000127e-01 3.086999999999999744e+00 2.900000000000000147e-02 7.543999999999999595e+00 9.800000000000000377e-02 4.450000000000000178e+00 5.099999999999999672e-02 8.099999999999999645e+00 8.900000000000000355e+00 4.954822504782752901e+01
2.330000000000000127e-01 3.086999999999999744e+00 2.900000000000000147e-02 6.964999999999999858e+00 1.570000000000000007e-01 4.450000000000000178e+00 5.099999999999999672e-02 8.099999999999999645e+00 8.699999999999999289e+00 4.954822504782752901e+01
2.330000000000000127e-01 3.086999999999999744e+00 2.900000000000000147e-02 7.237000000000000099e+00 1.769999999999999907e-01 4.450000000000000178e+00 5.099999999999999672e-02 7.799999999999999822e+00 7.700000000000000178e+00 4.954822504782752901e+01
2.330000000000000127e-01 3.086999999999999744e+00 2.900000000000000147e-02 6.198999999999999844e+00 1.719999999999999862e-01 4.450000000000000178e+00 5.099999999999999672e-02 7.700000000000000178e+00 7.599999999999999645e+00 4.954822504782752901e+01
2.330000000000000127e-01 3.086999999999999744e+00 2.900000000000000147e-02 4.878000000000000114e+00 1.729999999999999871e-01 4.450000000000000178e+00 5.099999999999999672e-02 7.900000000000000355e+00 7.599999999999999645e+00 4.954822504782752901e+01
2.330000000000000127e-01 3.086999999999999744e+00 2.900000000000000147e-02 5.158000000000000362e+00 1.549999999999999989e-01 4.450000000000000178e+00 5.099999999999999672e-02 7.900000000000000355e+00 8.300000000000000711e+00 4.954822504782752901e+01
2.330000000000000127e-01 3.086999999999999744e+00 2.900000000000000147e-02 5.809000000000000163e+00 2.340000000000000135e-01 4.450000000000000178e+00 5.099999999999999672e-02 8.099999999999999645e+00 9.000000000000000000e+00 4.954822504782752901e+01
2.330000000000000127e-01 3.086999999999999744e+00 2.900000000000000147e-02 5.842999999999999972e+00 1.890000000000000013e-01 4.450000000000000178e+00 5.099999999999999672e-02 7.900000000000000355e+00 1.080000000000000071e+01 4.954822504782752901e+01
2.330000000000000127e-01 3.086999999999999744e+00 2.900000000000000147e-02 7.378000000000000114e+00 1.250000000000000000e-01 4.450000000000000178e+00 5.099999999999999672e-02 7.700000000000000178e+00 1.080000000000000071e+01 4.954822504782752901e+01
2.330000000000000127e-01 3.086999999999999744e+00 2.900000000000000147e-02 6.488999999999999879e+00 9.400000000000000022e-02 4.450000000000000178e+00 5.099999999999999672e-02 7.700000000000000178e+00 1.459999999999999964e+01 4.954822504782752901e+01
2.330000000000000127e-01 3.086999999999999744e+00 2.900000000000000147e-02 6.895999999999999908e+00 1.239999999999999991e-01 4.450000000000000178e+00 5.099999999999999672e-02 7.400000000000000355e+00 1.319999999999999929e+01 4.954822504782752901e+01
2.330000000000000127e-01 3.086999999999999744e+00 2.900000000000000147e-02 8.666999999999999815e+00 1.640000000000000069e-01 4.450000000000000178e+00 5.099999999999999672e-02 7.400000000000000355e+00 1.109999999999999964e+01 4.954822504782752901e+01
2.330000000000000127e-01 3.086999999999999744e+00 2.900000000000000147e-02 7.389999999999999680e+00 2.129999999999999949e-01 4.450000000000000178e+00 5.099999999999999672e-02 7.700000000000000178e+00 1.059999999999999964e+01 4.954822504782752901e+01
2.330000000000000127e-01 3.086999999999999744e+00 2.900000000000000147e-02 8.612999999999999545e+00 2.839999999999999747e-01 4.450000000000000178e+00 5.099999999999999672e-02 8.099999999999999645e+00 1.240000000000000036e+01 4.954822504782752901e+01
2.330000000000000127e-01 3.086999999999999744e+00 2.900000000000000147e-02 8.448000000000000398e+00 2.640000000000000124e-01 4.450000000000000178e+00 5.099999999999999672e-02 7.900000000000000355e+00 1.130000000000000071e+01 4.954822504782752901e+01
2.330000000000000127e-01 3.086999999999999744e+00 2.900000000000000147e-02 7.187000000000000277e+00 2.270000000000000073e-01 4.450000000000000178e+00 5.099999999999999672e-02 7.799999999999999822e+00 1.069999999999999929e+01 4.954822504782752901e+01
2.330000000000000127e-01 3.086999999999999744e+00 2.900000000000000147e-02 8.195000000000000284e+00 2.109999999999999931e-01 4.450000000000000178e+00 5.099999999999999672e-02 7.700000000000000178e+00 8.099999999999999645e+00 4.954822504782752901e+01
2.330000000000000127e-01 3.086999999999999744e+00 2.900000000000000147e-02 4.761000000000000121e+00 1.930000000000000049e-01 4.450000000000000178e+00 5.099999999999999672e-02 8.400000000000000355e+00 1.080000000000000071e+01 4.954822504782752901e+01
2.330000000000000127e-01 3.086999999999999744e+00 2.900000000000000147e-02 6.317999999999999616e+00 2.670000000000000151e-01 4.450000000000000178e+00 5.099999999999999672e-02 7.599999999999999645e+00 8.199999999999999289e+00 4.954822504782752901e+01
2.330000000000000127e-01 3.086999999999999744e+00 2.900000000000000147e-02 8.647999999999999687e+00 1.320000000000000062e-01 4.450000000000000178e+00 5.099999999999999672e-02 7.700000000000000178e+00 9.099999999999999645e+00 4.954822504782752901e+01
2.330000000000000127e-01 3.086999999999999744e+00 2.900000000000000147e-02 8.163999999999999702e+00 1.580000000000000016e-01 4.450000000000000178e+00 5.099999999999999672e-02 7.700000000000000178e+00 9.800000000000000711e+00 4.954822504782752901e+01
2.330000000000000127e-01 3.086999999999999744e+00 2.900000000000000147e-02 8.025999999999999801e+00 1.970000000000000084e-01 4.450000000000000178e+00 5.099999999999999672e-02 7.700000000000000178e+00 1.090000000000000036e+01 4.954822504782752901e+01
2.330000000000000127e-01 3.086999999999999744e+00 2.900000000000000147e-02 8.413000000000000256e+00 1.110000000000000014e-01 4.450000000000000178e+00 5.099999999999999672e-02 7.799999999999999822e+00 9.699999999999999289e+00 4.954822504782752901e+01
2.330000000000000127e-01 3.086999999999999744e+00 2.900000000000000147e-02 7.844000000000000306e+00 1.710000000000000131e-01 4.450000000000000178e+00 5.099999999999999672e-02 7.700000000000000178e+00 1.030000000000000071e+01 4.954822504782752901e+01
2.330000000000000127e-01 3.086999999999999744e+00 2.900000000000000147e-02 7.857000000000000206e+00 1.439999999999999891e-01 4.450000000000000178e+00 5.099999999999999672e-02 7.599999999999999645e+00 1.090000000000000036e+01 4.954822504782752901e+01
2.330000000000000127e-01 3.086999999999999744e+00 2.900000000000000147e-02 8.429999999999999716e+00 1.690000000000000113e-01 4.450000000000000178e+00 5.099999999999999672e-02 8.300000000000000711e+00 1.390000000000000036e+01 4.954822504782752901e+01
