5.1634e+01 5.1634e+01 5.1634e+01 5.1634e+01 4.8499e+01
5.1634e+01 5.1634e+01 5.1634e+01 4.8499e+01 6.8556e+01
5.1634e+01 5.1634e+01 4.8499e+01 6.8556e+01 5.3383e+01
5.1634e+01 5.1634e+01 6.8556e+01 5.3383e+01 5.3383e+01
5.1634e+01 5.1634e+01 5.3383e+01 5.3383e+01 5.3383e+01
5.1634e+01 5.1634e+01 5.3383e+01 5.3383e+01 5.0999e+01
5.1634e+01 5.1634e+01 5.3383e+01 5.0999e+01 5.1709e+01
5.1634e+01 5.1634e+01 5.0999e+01 5.1709e+01 5.3852e+01
5.1634e+01 5.1634e+01 5.1709e+01 5.3852e+01 4.5355e+01
5.1634e+01 5.1634e+01 5.3852e+01 4.5355e+01 5.2263e+01
5.1634e+01 5.1634e+01 4.5355e+01 5.2263e+01 5.2370e+01
5.1634e+01 5.1634e+01 5.2263e+01 5.2370e+01 7.2264e+01
5.1634e+01 4.8499e+01 5.2370e+01 7.2264e+01 5.8565e+01
5.1634e+01 6.8556e+01 7.2264e+01 5.8565e+01 6.3254e+01
5.1634e+01 5.3383e+01 5.8565e+01 6.3254e+01 4.6960e+01
5.1634e+01 5.3383e+01 6.3254e+01 4.6960e+01 5.6348e+01
5.1634e+01 5.3383e+01 4.6960e+01 5.6348e+01 5.0751e+01
5.1634e+01 5.0999e+01 5.6348e+01 5.0751e+01 5.0624e+01
5.1634e+01 5.1709e+01 5.0751e+01 5.0624e+01 4.9112e+01
5.1634e+01 5.3852e+01 5.0624e+01 4.9112e+01 6.2637e+01
5.1634e+01 4.5355e+01 4.9112e+01 6.2637e+01 5.4559e+01
5.1634e+01 5.2263e+01 6.2637e+01 5.4559e+01 5.5299e+01
5.1634e+01 5.2370e+01 5.4559e+01 5.5299e+01 5.5610e+01
5.1634e+01 7.2264e+01 5.5299e+01 5.5610e+01 5.7166e+01
4.8499e+01 5.8565e+01 5.5610e+01 5.7166e+01 4.9829e+01
6.8556e+01 6.3254e+01 5.7166e+01 4.9829e+01 4.6190e+01
5.3383e+01 4.6960e+01 4.9829e+01 4.6190e+01 4.7324e+01
5.3383e+01 5.6348e+01 4.6190e+01 4.7324e+01 5.0876e+01
5.3383e+01 5.0751e+01 4.7324e+01 5.0876e+01 3.3901e+01
5.0999e+01 5.0624e+01 5.0876e+01 3.3901e+01 5.0624e+01
5.1709e+01 4.9112e+01 3.3901e+01 5.0624e+01 3.4578e+01
5.3852e+01 6.2637e+01 5.0624e+01 3.4578e+01 4.7324e+01
4.5355e+01 5.4559e+01 3.4578e+01 4.7324e+01 5.9276e+01
5.2263e+01 5.5299e+01 4.7324e+01 5.9276e+01 4.9405e+01
5.2370e+01 5.5610e+01 5.9276e+01 4.9405e+01 6.3289e+01
7.2264e+01 5.7166e+01 4.9405e+01 6.3289e+01 7.2968e+01
5.8565e+01 4.9829e+01 6.3289e+01 7.2968e+01 5.7100e+01
6.3254e+01 4.6190e+01 7.2968e+01 5.7100e+01 5.3573e+01
4.6960e+01 4.7324e+01 5.7100e+01 5.3573e+01 4.6190e+01
5.6348e+01 5.0876e+01 5.3573e+01 4.6190e+01 4.3951e+01
5.0751e+01 3.3901e+01 4.6190e+01 4.3951e+01 5.1478e+01
5.0624e+01 5.0624e+01 4.3951e+01 5.1478e+01 5.3286e+01
4.9112e+01 3.4578e+01 5.1478e+01 5.3286e+01 4.5135e+01
6.2637e+01 4.7324e+01 5.3286e+01 4.5135e+01 5.8565e+01
5.4559e+01 5.9276e+01 4.5135e+01 5.8565e+01 4.6190e+01
5.5299e+01 4.9405e+01 5.8565e+01 4.6190e+01 5.2990e+01
5.5610e+01 6.3289e+01 4.6190e+01 5.2990e+01 5.1594e+01
5.7166e+01 7.2968e+01 5.2990e+01 5.1594e+01 4.3951e+01
4.9829e+01 5.7100e+01 5.1594e+01 4.3951e+01 5.0624e+01
4.6190e+01 5.3573e+01 4.3951e+01 5.0624e+01 6.0467e+01
4.7324e+01 4.6190e+01 5.0624e+01 6.0467e+01 4.0701e+01
5.0876e+01 4.3951e+01 6.0467e+01 4.0701e+01 4.5135e+01
3.3901e+01 5.1478e+01 4.0701e+01 4.5135e+01 4.1699e+01
5.0624e+01 5.3286e+01 4.5135e+01 4.1699e+01 4.8339e+01
3.4578e+01 4.5135e+01 4.1699e+01 4.8339e+01 4.6960e+01
4.7324e+01 5.8565e+01 4.8339e+01 4.6960e+01 4.9260e+01
5.9276e+01 4.6190e+01 4.6960e+01 4.9260e+01 5.3286e+01
4.9405e+01 5.2990e+01 4.9260e+01 5.3286e+01 4.7500e+01
6.3289e+01 5.1594e+01 5.3286e+01 4.7500e+01 7.5397e+01
7.2968e+01 4.3951e+01 4.7500e+01 7.5397e+01 6.1612e+01
5.7100e+01 5.0624e+01 7.5397e+01 6.1612e+01 7.5932e+01
5.3573e+01 6.0467e+01 6.1612e+01 7.5932e+01 5.9276e+01
4.6190e+01 4.0701e+01 7.5932e+01 5.9276e+01 5.0101e+01
4.3951e+01 4.5135e+01 5.9276e+01 5.0101e+01 4.8810e+01
5.1478e+01 4.1699e+01 5.0101e+01 4.8810e+01 4.7324e+01
4.5135e+01 4.6960e+01 4.7324e+01 5.1634e+01 5.2155e+01
5.8565e+01 4.9260e+01 5.1634e+01 5.2155e+01 5.5139e+01
4.6190e+01 5.3286e+01 5.2155e+01 5.5139e+01 5.8278e+01
5.2990e+01 4.7500e+01 5.5139e+01 5.8278e+01 5.8955e+01
5.1594e+01 7.5397e+01 5.8278e+01 5.8955e+01 5.1822e+01
4.3951e+01 6.1612e+01 5.8955e+01 5.1822e+01 5.5219e+01
5.0624e+01 7.5932e+01 5.1822e+01 5.5219e+01 6.5589e+01
6.0467e+01 5.9276e+01 5.5219e+01 6.5589e+01 4.0701e+01
4.0701e+01 5.0101e+01 6.5589e+01 4.0701e+01 4.5355e+01
4.5135e+01 4.8810e+01 4.0701e+01 4.5355e+01 3.5805e+01
4.1699e+01 4.7324e+01 4.5355e+01 3.5805e+01 3.7878e+01
4.8339e+01 5.1634e+01 3.5805e+01 3.7878e+01 3.1535e+01
4.6960e+01 5.2155e+01 3.7878e+01 3.1535e+01 5.5139e+01
4.9260e+01 5.5139e+01 3.1535e+01 5.5139e+01 4.9260e+01
5.3286e+01 5.8278e+01 5.5139e+01 4.9260e+01 4.8962e+01
4.0701e+01 5.1634e+01 5.1634e+01 5.1634e+01 5.1634e+01
4.8656e+01 5.1634e+01 5.1634e+01 5.1634e+01 5.1634e+01
2.5589e+01 5.1634e+01 5.1634e+01 5.1634e+01 5.1634e+01
5.1634e+01 5.1634e+01 5.1634e+01 5.1634e+01 5.1634e+01
5.1634e+01 5.1634e+01 5.1634e+01 5.1634e+01 5.1634e+01
5.1634e+01 5.1634e+01 5.1634e+01 5.1634e+01 5.1634e+01
5.1634e+01 5.1634e+01 5.1634e+01 5.1634e+01 5.1634e+01
5.3286e+01 4.8339e+01 4.8810e+01 4.7324e+01 5.1634e+01
