4.9548e+01 4.9548e+01 3.7878e+01 4.1045e+01 4.3166e+01
4.2852e+01 5.1360e+01 4.1045e+01 4.3166e+01 4.5135e+01
4.2852e+01 6.1570e+01 4.3166e+01 4.5135e+01 3.4578e+01
4.2852e+01 4.5355e+01 4.5135e+01 3.4578e+01 4.3435e+01
4.9548e+01 4.2312e+01 3.4578e+01 4.3435e+01 4.8177e+01
4.2011e+01 4.6389e+01 4.3435e+01 4.8177e+01 3.9188e+01
4.8012e+01 4.6389e+01 4.8177e+01 3.9188e+01 4.6389e+01
5.8041e+01 5.2788e+01 3.9188e+01 4.6389e+01 4.3696e+01
5.1934e+01 4.1699e+01 4.6389e+01 4.3696e+01 4.7674e+01
2.9566e+01 3.6897e+01 4.3696e+01 4.7674e+01 4.9112e+01
3.8335e+01 3.7878e+01 4.7674e+01 4.9112e+01 3.3174e+01
4.3435e+01 4.1045e+01 4.9112e+01 3.3174e+01 4.0701e+01
4.9548e+01 4.3166e+01 3.3174e+01 4.0701e+01 3.4578e+01
5.1360e+01 4.5135e+01 4.0701e+01 3.4578e+01 3.7400e+01
6.1570e+01 3.4578e+01 3.4578e+01 3.7400e+01 5.0876e+01
4.5355e+01 4.3435e+01 3.7400e+01 5.0876e+01 4.1045e+01
4.2312e+01 4.8177e+01 5.0876e+01 4.1045e+01 5.1360e+01
4.6389e+01 3.9188e+01 4.1045e+01 5.1360e+01 5.0751e+01
4.6389e+01 4.6389e+01 5.1360e+01 5.0751e+01 5.8955e+01
5.2788e+01 4.3696e+01 5.0751e+01 5.8955e+01 4.4442e+01
4.1699e+01 4.7674e+01 5.8955e+01 4.4442e+01 5.7296e+01
3.6897e+01 4.9112e+01 4.4442e+01 5.7296e+01 4.2011e+01
3.7878e+01 3.3174e+01 5.7296e+01 4.2011e+01 4.3951e+01
4.1045e+01 4.0701e+01 4.2011e+01 4.3951e+01 3.3901e+01
4.3166e+01 3.4578e+01 4.3951e+01 3.3901e+01 8.0116e+00
4.5135e+01 3.7400e+01 3.3901e+01 8.0116e+00 3.2389e+01
4.3435e+01 4.1045e+01 3.2389e+01 4.2852e+01 5.1360e+01
4.8177e+01 5.1360e+01 4.2852e+01 5.1360e+01 3.9589e+01
3.9188e+01 5.0751e+01 5.1360e+01 3.9589e+01 6.7429e+01
4.6389e+01 5.8955e+01 3.9589e+01 6.7429e+01 4.8339e+01
4.3696e+01 4.4442e+01 6.7429e+01 4.8339e+01 4.1377e+01
4.7674e+01 5.7296e+01 4.8339e+01 4.1377e+01 4.9548e+01
4.9112e+01 4.2011e+01 4.1377e+01 4.9548e+01 4.7144e+01
3.3174e+01 4.3951e+01 4.9548e+01 4.7144e+01 4.8810e+01
4.0701e+01 3.3901e+01 4.7144e+01 4.8810e+01 2.7101e+01
3.4578e+01 8.0116e+00 4.8810e+01 2.7101e+01 4.2890e+01
3.7400e+01 3.2389e+01 2.7101e+01 4.2890e+01 3.6366e+01
5.0876e+01 4.2852e+01 4.2890e+01 3.6366e+01 2.8411e+01
4.1045e+01 5.1360e+01 3.6366e+01 2.8411e+01 5.5456e+01
5.1360e+01 3.9589e+01 2.8411e+01 5.5456e+01 4.2312e+01
5.0751e+01 6.7429e+01 5.5456e+01 4.2312e+01 4.9966e+01
5.8955e+01 4.8339e+01 4.2312e+01 4.9966e+01 5.1594e+01
4.4442e+01 4.1377e+01 4.9966e+01 5.1594e+01 5.2045e+01
5.7296e+01 4.9548e+01 5.1594e+01 5.2045e+01 4.0701e+01
4.2011e+01 4.7144e+01 5.2045e+01 4.0701e+01 1.4811e+01
4.3951e+01 4.8810e+01 4.0701e+01 1.4811e+01 3.0600e+01
3.3901e+01 2.7101e+01 1.4811e+01 3.0600e+01 3.7400e+01
8.0116e+00 4.2890e+01 3.0600e+01 3.7400e+01 3.8771e+01
3.2389e+01 3.6366e+01 3.7400e+01 3.8771e+01 3.5805e+01
4.2852e+01 2.8411e+01 3.8771e+01 3.5805e+01 5.0496e+01
5.1360e+01 5.5456e+01 3.5805e+01 5.0496e+01 3.9974e+01
3.9589e+01 4.2312e+01 5.0496e+01 3.9974e+01 4.6190e+01
6.7429e+01 4.9966e+01 3.9974e+01 4.6190e+01 4.5135e+01
4.8339e+01 5.1594e+01 4.6190e+01 4.5135e+01 4.6190e+01
4.1377e+01 5.2045e+01 4.5135e+01 4.6190e+01 3.5211e+01
4.9548e+01 4.0701e+01 4.6190e+01 3.5211e+01 5.3090e+01
4.7144e+01 1.4811e+01 3.5211e+01 5.3090e+01 4.9112e+01
4.8810e+01 3.0600e+01 5.3090e+01 4.9112e+01 3.9188e+01
2.7101e+01 3.7400e+01 4.9112e+01 3.9188e+01 1.8789e+01
4.2890e+01 3.8771e+01 3.9188e+01 1.8789e+01 2.3800e+01
3.6366e+01 3.5805e+01 1.8789e+01 2.3800e+01 4.1699e+01
2.8411e+01 5.0496e+01 2.3800e+01 4.1699e+01 4.3435e+01
5.5456e+01 3.9974e+01 4.1699e+01 4.3435e+01 3.7400e+01
4.2312e+01 4.6190e+01 4.3435e+01 3.7400e+01 5.6559e+01
4.9966e+01 4.5135e+01 3.7400e+01 5.6559e+01 7.0500e+01
5.1594e+01 4.6190e+01 5.6559e+01 7.0500e+01 4.1377e+01
5.2045e+01 3.5211e+01 7.0500e+01 4.1377e+01 5.4977e+01
4.0701e+01 5.3090e+01 4.1377e+01 5.4977e+01 3.9974e+01
1.4811e+01 4.9112e+01 5.4977e+01 3.9974e+01 3.5805e+01
3.0600e+01 3.9188e+01 3.9974e+01 3.5805e+01 4.6389e+01
3.7400e+01 1.8789e+01 3.5805e+01 4.6389e+01 4.9260e+01
3.5805e+01 4.1699e+01 4.9260e+01 4.2852e+01 4.4909e+01
5.0496e+01 4.3435e+01 4.2852e+01 4.4909e+01 5.2685e+01
3.9974e+01 3.7400e+01 4.4909e+01 5.2685e+01 4.1045e+01
4.6190e+01 5.6559e+01 5.2685e+01 4.1045e+01 4.4678e+01
4.5135e+01 7.0500e+01 4.1045e+01 4.4678e+01 5.6901e+01
4.6190e+01 4.1377e+01 4.4678e+01 5.6901e+01 4.7845e+01
3.5211e+01 5.4977e+01 5.6901e+01 4.7845e+01 2.3800e+01
5.3090e+01 3.9974e+01 4.7845e+01 2.3800e+01 2.9566e+01
4.9112e+01 3.5805e+01 2.3800e+01 2.9566e+01 2.5589e+01
3.9188e+01 4.6389e+01 2.9566e+01 2.5589e+01 3.5211e+01
1.8789e+01 4.9260e+01 2.5589e+01 3.5211e+01 3.1535e+01
2.3800e+01 4.2852e+01 3.5211e+01 3.1535e+01 3.5805e+01
4.1699e+01 4.4909e+01 3.1535e+01 3.5805e+01 3.2389e+01
4.3435e+01 5.2685e+01 3.5805e+01 3.2389e+01 3.7400e+01
3.7400e+01 4.1045e+01 3.2389e+01 3.7400e+01 3.8335e+01
3.4578e+01 5.0876e+01 8.0116e+00 3.2389e+01 4.2852e+01
3.8771e+01 2.3800e+01 4.6389e+01 4.9260e+01 4.2852e+01
