3.4578e+01 5.0876e+01 4.1377e+01 4.1045e+01 4.2890e+01
4.4909e+01 5.5377e+01 4.1045e+01 4.2890e+01 4.5571e+01
4.8656e+01 5.2788e+01 4.2890e+01 4.5571e+01 4.9405e+01
5.2890e+01 5.4729e+01 4.5571e+01 4.9405e+01 5.8622e+01
4.0344e+01 5.6205e+01 4.9405e+01 5.8622e+01 5.1709e+01
5.2890e+01 7.0831e+01 5.8622e+01 5.1709e+01 3.5211e+01
4.2011e+01 4.0344e+01 5.1709e+01 3.5211e+01 4.4678e+01
3.7400e+01 3.4578e+01 3.5211e+01 4.4678e+01 4.1699e+01
5.6059e+01 4.7845e+01 4.4678e+01 4.1699e+01 4.7144e+01
4.8499e+01 3.4578e+01 4.1699e+01 4.7144e+01 4.1045e+01
4.3696e+01 4.1377e+01 4.7144e+01 4.1045e+01 4.2605e+01
4.3951e+01 4.1045e+01 4.1045e+01 4.2605e+01 4.9112e+01
5.0876e+01 4.2890e+01 4.2605e+01 4.9112e+01 4.9112e+01
5.5377e+01 4.5571e+01 4.9112e+01 4.9112e+01 4.2605e+01
5.2788e+01 4.9405e+01 4.9112e+01 4.2605e+01 4.2312e+01
5.4729e+01 5.8622e+01 4.2605e+01 4.2312e+01 4.9548e+01
5.6205e+01 5.1709e+01 4.2312e+01 4.9548e+01 4.8177e+01
7.0831e+01 3.5211e+01 4.9548e+01 4.8177e+01 4.8962e+01
4.0344e+01 4.4678e+01 4.8177e+01 4.8962e+01 6.3998e+01
3.4578e+01 4.1699e+01 4.8962e+01 6.3998e+01 4.5571e+01
4.7845e+01 4.7144e+01 6.3998e+01 4.5571e+01 6.0086e+01
3.4578e+01 4.1045e+01 4.5571e+01 6.0086e+01 4.1045e+01
4.1377e+01 4.2605e+01 6.0086e+01 4.1045e+01 4.3166e+01
4.1045e+01 4.9112e+01 4.1045e+01 4.3166e+01 2.3800e+01
4.2890e+01 4.9112e+01 4.3166e+01 2.3800e+01 4.2605e+01
4.5571e+01 4.2605e+01 2.3800e+01 4.2605e+01 2.8411e+01
4.9405e+01 4.2312e+01 4.2605e+01 2.8411e+01 5.0366e+01
5.8622e+01 4.9548e+01 2.8411e+01 5.0366e+01 5.0366e+01
5.1709e+01 4.8177e+01 5.0366e+01 5.0366e+01 4.8177e+01
3.5211e+01 4.8962e+01 5.0366e+01 4.8177e+01 4.8962e+01
4.4678e+01 6.3998e+01 4.8177e+01 4.8962e+01 4.9260e+01
4.1699e+01 4.5571e+01 4.8962e+01 4.9260e+01 5.4474e+01
4.7144e+01 6.0086e+01 4.9260e+01 5.4474e+01 4.7144e+01
4.1045e+01 4.1045e+01 5.4474e+01 4.7144e+01 4.7845e+01
4.2605e+01 4.3166e+01 4.7144e+01 4.7845e+01 5.1242e+01
4.9112e+01 2.3800e+01 4.7845e+01 5.1242e+01 2.8411e+01
4.9112e+01 4.2605e+01 5.1242e+01 2.8411e+01 4.8810e+01
4.2605e+01 2.8411e+01 2.8411e+01 4.8810e+01 4.1045e+01
4.2312e+01 5.0366e+01 4.8810e+01 4.1045e+01 3.3174e+01
4.9548e+01 5.0366e+01 4.1045e+01 3.3174e+01 4.8012e+01
4.8177e+01 4.8177e+01 3.3174e+01 4.8012e+01 4.8177e+01
4.8962e+01 4.8962e+01 4.8012e+01 4.8177e+01 5.1121e+01
6.3998e+01 4.9260e+01 4.8177e+01 5.1121e+01 5.1242e+01
4.5571e+01 5.4474e+01 5.1121e+01 5.1242e+01 5.4895e+01
6.0086e+01 4.7144e+01 5.1242e+01 5.4895e+01 4.5782e+01
4.1045e+01 4.7845e+01 5.4895e+01 4.5782e+01 3.7400e+01
4.3166e+01 5.1242e+01 4.5782e+01 3.7400e+01 4.1377e+01
2.3800e+01 2.8411e+01 3.7400e+01 4.1377e+01 4.1377e+01
4.2605e+01 4.8810e+01 4.1377e+01 4.1377e+01 4.2312e+01
2.8411e+01 4.1045e+01 4.1377e+01 4.2312e+01 3.8771e+01
5.0366e+01 3.3174e+01 4.2312e+01 3.8771e+01 4.3696e+01
5.0366e+01 4.8012e+01 3.8771e+01 4.3696e+01 3.7400e+01
4.8177e+01 4.8177e+01 4.3696e+01 3.7400e+01 4.2312e+01
4.8962e+01 5.1121e+01 3.7400e+01 4.2312e+01 4.6583e+01
4.9260e+01 5.1242e+01 4.2312e+01 4.6583e+01 4.2312e+01
5.4474e+01 5.4895e+01 4.6583e+01 4.2312e+01 3.1535e+01
4.7144e+01 4.5782e+01 4.2312e+01 3.1535e+01 4.7845e+01
4.7845e+01 3.7400e+01 3.1535e+01 4.7845e+01 3.7878e+01
5.1242e+01 4.1377e+01 4.7845e+01 3.7878e+01 4.7144e+01
2.8411e+01 4.1377e+01 3.7878e+01 4.7144e+01 3.5805e+01
4.8810e+01 4.2312e+01 4.7144e+01 3.5805e+01 3.7400e+01
4.1045e+01 3.8771e+01 3.5805e+01 3.7400e+01 4.6389e+01
3.3174e+01 4.3696e+01 3.7400e+01 4.6389e+01 4.4200e+01
4.8012e+01 3.7400e+01 4.6389e+01 4.4200e+01 4.2312e+01
4.8177e+01 4.2312e+01 4.4200e+01 4.2312e+01 4.4200e+01
5.1121e+01 4.6583e+01 4.2312e+01 4.4200e+01 5.0624e+01
5.1242e+01 4.2312e+01 4.4200e+01 5.0624e+01 5.1934e+01
5.4895e+01 3.1535e+01 5.0624e+01 5.1934e+01 5.9988e+01
4.5782e+01 4.7845e+01 5.1934e+01 5.9988e+01 4.3166e+01
3.7400e+01 3.7878e+01 5.9988e+01 4.3166e+01 3.5211e+01
4.1377e+01 4.7144e+01 4.3166e+01 3.5211e+01 4.5571e+01
4.1377e+01 3.5805e+01 3.5211e+01 4.5571e+01 4.1377e+01
3.8771e+01 4.6389e+01 4.1377e+01 4.4553e+01 4.5782e+01
4.3696e+01 4.4200e+01 4.4553e+01 4.5782e+01 4.3435e+01
3.7400e+01 4.2312e+01 4.5782e+01 4.3435e+01 4.9405e+01
4.2312e+01 4.4200e+01 4.3435e+01 4.9405e+01 4.6960e+01
4.6583e+01 5.0624e+01 4.9405e+01 4.6960e+01 4.7500e+01
4.2312e+01 5.1934e+01 4.6960e+01 4.7500e+01 4.5988e+01
3.1535e+01 5.9988e+01 4.7500e+01 4.5988e+01 4.5355e+01
4.7845e+01 4.3166e+01 4.5988e+01 4.5355e+01 2.9566e+01
3.7878e+01 3.5211e+01 4.5355e+01 2.9566e+01 2.7101e+01
4.7144e+01 4.5571e+01 2.9566e+01 2.7101e+01 2.7101e+01
3.5805e+01 4.1377e+01 2.7101e+01 2.7101e+01 3.4578e+01
3.7400e+01 4.4553e+01 2.7101e+01 3.4578e+01 2.8411e+01
4.6389e+01 4.5782e+01 3.4578e+01 2.8411e+01 3.7878e+01
4.4200e+01 4.3435e+01 2.8411e+01 3.7878e+01 3.7400e+01
4.2312e+01 4.9405e+01 3.7878e+01 3.7400e+01 3.8771e+01
4.2312e+01 3.7400e+01 4.5571e+01 4.1377e+01 4.4553e+01
