5.4906e+01 6.0230e+01 5.6833e+01 4.4909e+01 4.9966e+01
6.3900e+01 6.6788e+01 4.4909e+01 4.9966e+01 5.3667e+01
6.6665e+01 6.0420e+01 4.9966e+01 5.3667e+01 6.1612e+01
5.6205e+01 6.1486e+01 5.3667e+01 6.1612e+01 5.9939e+01
5.2581e+01 5.4123e+01 6.1612e+01 5.9939e+01 6.0560e+01
5.7738e+01 6.2371e+01 5.9939e+01 6.0560e+01 4.4442e+01
6.6311e+01 5.4300e+01 5.4906e+01 5.4906e+01 6.1695e+01
6.0968e+01 5.6833e+01 5.4906e+01 6.1695e+01 5.5610e+01
4.6960e+01 4.4909e+01 6.1695e+01 5.5610e+01 4.5571e+01
6.0230e+01 4.9966e+01 5.5610e+01 4.5571e+01 5.6348e+01
6.6788e+01 5.3667e+01 4.5571e+01 5.6348e+01 5.7613e+01
6.0420e+01 6.1612e+01 5.6348e+01 5.7613e+01 5.6489e+01
6.1486e+01 5.9939e+01 5.7613e+01 5.6489e+01 5.5686e+01
5.4123e+01 6.0560e+01 5.6489e+01 5.5686e+01 5.2581e+01
6.2371e+01 4.4442e+01 5.5686e+01 5.2581e+01 4.1045e+01
4.8656e+01 5.4906e+01 5.2581e+01 4.1045e+01 4.7845e+01
4.5571e+01 5.4906e+01 4.1045e+01 4.7845e+01 5.8278e+01
4.7324e+01 5.4906e+01 4.7845e+01 5.8278e+01 5.5762e+01
5.4300e+01 6.1695e+01 5.8278e+01 5.5762e+01 5.6559e+01
5.6833e+01 5.5610e+01 5.5762e+01 5.6559e+01 5.0101e+01
4.4909e+01 4.5571e+01 5.6559e+01 5.0101e+01 4.9966e+01
4.9966e+01 5.6348e+01 5.0101e+01 4.9966e+01 5.3383e+01
5.3667e+01 5.7613e+01 4.9966e+01 5.3383e+01 5.7100e+01
6.1612e+01 5.6489e+01 5.3383e+01 5.7100e+01 5.8955e+01
5.9939e+01 5.5686e+01 5.7100e+01 5.8955e+01 5.6205e+01
6.0560e+01 5.2581e+01 5.8955e+01 5.6205e+01 5.2685e+01
4.4442e+01 4.1045e+01 5.6205e+01 5.2685e+01 4.9966e+01
5.4906e+01 4.7845e+01 5.2685e+01 4.9966e+01 5.1934e+01
5.4906e+01 5.8278e+01 4.9966e+01 5.1934e+01 6.5782e+01
5.4906e+01 5.5762e+01 5.1934e+01 6.5782e+01 6.4256e+01
6.1695e+01 5.6559e+01 6.5782e+01 6.4256e+01 5.4559e+01
5.5610e+01 5.0101e+01 6.4256e+01 5.4559e+01 4.3951e+01
4.5571e+01 4.9966e+01 5.4559e+01 4.3951e+01 5.4300e+01
5.6348e+01 5.3383e+01 4.3951e+01 5.4300e+01 7.7114e+01
5.7613e+01 5.7100e+01 5.4300e+01 7.7114e+01 4.8012e+01
5.6489e+01 5.8955e+01 7.7114e+01 4.8012e+01 5.2990e+01
5.5686e+01 5.6205e+01 4.8012e+01 5.2990e+01 4.7845e+01
5.2581e+01 5.2685e+01 5.2990e+01 4.7845e+01 5.5912e+01
4.1045e+01 4.9966e+01 4.7845e+01 5.5912e+01 4.6773e+01
4.7845e+01 5.1934e+01 5.5912e+01 4.6773e+01 5.5912e+01
5.8278e+01 6.5782e+01 4.6773e+01 5.5912e+01 5.1478e+01
5.5762e+01 6.4256e+01 5.5912e+01 5.1478e+01 5.5058e+01
5.6559e+01 5.4559e+01 5.1478e+01 5.5058e+01 5.4212e+01
5.0101e+01 4.3951e+01 5.5058e+01 5.4212e+01 5.3188e+01
4.9966e+01 5.4300e+01 5.4212e+01 5.3188e+01 4.4200e+01
5.3383e+01 7.7114e+01 5.3188e+01 4.4200e+01 4.1045e+01
5.7100e+01 4.8012e+01 4.4200e+01 4.1045e+01 4.2890e+01
5.8955e+01 5.2990e+01 4.1045e+01 4.2890e+01 6.0743e+01
5.6205e+01 4.7845e+01 4.2890e+01 6.0743e+01 5.9063e+01
5.2685e+01 5.5912e+01 6.0743e+01 5.9063e+01 4.8177e+01
4.9966e+01 4.6773e+01 5.9063e+01 4.8177e+01 5.5456e+01
5.1934e+01 5.5912e+01 4.8177e+01 5.5456e+01 5.5219e+01
6.5782e+01 5.1478e+01 5.5456e+01 5.5219e+01 5.8845e+01
6.4256e+01 5.5058e+01 5.5219e+01 5.8845e+01 6.2486e+01
5.4559e+01 5.4212e+01 5.8845e+01 6.2486e+01 5.4977e+01
4.3951e+01 5.3188e+01 6.2486e+01 5.4977e+01 5.2370e+01
5.4300e+01 4.4200e+01 5.4977e+01 5.2370e+01 5.3090e+01
7.7114e+01 4.1045e+01 5.2370e+01 5.3090e+01 5.0235e+01
5.2990e+01 6.0743e+01 5.0235e+01 5.4906e+01 5.9381e+01
4.7845e+01 5.9063e+01 5.4906e+01 5.9381e+01 5.6559e+01
5.5912e+01 4.8177e+01 5.9381e+01 5.6559e+01 5.9890e+01
4.6773e+01 5.5456e+01 5.6559e+01 5.9890e+01 5.6766e+01
5.5912e+01 5.5219e+01 5.9890e+01 5.6766e+01 5.6628e+01
5.1478e+01 5.8845e+01 5.6766e+01 5.6628e+01 5.7100e+01
5.5058e+01 6.2486e+01 5.6628e+01 5.7100e+01 5.2476e+01
5.4212e+01 5.4977e+01 5.7100e+01 5.2476e+01 5.8278e+01
5.3188e+01 5.2370e+01 5.2476e+01 5.8278e+01 5.3383e+01
4.4200e+01 5.3090e+01 5.8278e+01 5.3383e+01 5.0999e+01
4.2890e+01 5.4906e+01 5.0999e+01 5.4906e+01 5.4895e+01
6.0743e+01 5.9381e+01 5.4906e+01 5.4895e+01 5.8219e+01
5.9063e+01 5.6559e+01 5.4895e+01 5.8219e+01 6.0086e+01
4.8177e+01 5.9890e+01 5.8219e+01 6.0086e+01 4.6960e+01
5.5456e+01 5.6766e+01 6.0086e+01 4.6960e+01 5.7100e+01
5.5219e+01 5.6628e+01 4.6960e+01 5.7100e+01 6.1777e+01
5.8845e+01 5.7100e+01 5.7100e+01 6.1777e+01 5.7424e+01
6.2486e+01 5.2476e+01 6.1777e+01 5.7424e+01 5.2990e+01
5.4977e+01 5.8278e+01 5.7424e+01 5.2990e+01 5.9433e+01
5.2370e+01 5.3383e+01 5.2990e+01 5.9433e+01 5.2155e+01
5.3090e+01 5.0999e+01 5.9433e+01 5.2155e+01 4.5355e+01
5.0235e+01 5.4906e+01 5.2155e+01 4.5355e+01 5.0366e+01
5.4906e+01 5.4895e+01 4.5355e+01 5.0366e+01 5.8900e+01
5.9381e+01 5.8219e+01 5.0366e+01 5.8900e+01 6.2059e+01
5.6559e+01 6.0086e+01 5.8900e+01 6.2059e+01 5.8394e+01
5.2045e+01 4.8656e+01 6.0560e+01 4.4442e+01 5.4906e+01
4.2011e+01 4.5571e+01 4.4442e+01 5.4906e+01 5.4906e+01
6.2371e+01 4.7324e+01 5.4906e+01 5.4906e+01 5.4906e+01
4.8012e+01 4.2890e+01 5.3090e+01 5.0235e+01 5.4906e+01
4.1045e+01 5.0235e+01 5.3383e+01 5.0999e+01 5.4906e+01
