3.2389e+01 4.0701e+01 4.3166e+01 4.1045e+01 4.2312e+01
3.7400e+01 4.6190e+01 4.1045e+01 4.2312e+01 3.9589e+01
8.0116e+00 4.7144e+01 4.2312e+01 3.9589e+01 4.1699e+01
6.4128e+01 5.4123e+01 3.9589e+01 4.1699e+01 5.5139e+01
5.1121e+01 4.8339e+01 4.1699e+01 5.5139e+01 5.3760e+01
3.8771e+01 5.2045e+01 5.5139e+01 5.3760e+01 4.5988e+01
5.5219e+01 5.0751e+01 5.3760e+01 4.5988e+01 4.5135e+01
4.4678e+01 5.2788e+01 4.5988e+01 4.5135e+01 4.8177e+01
4.6773e+01 4.3166e+01 4.5135e+01 4.8177e+01 5.1822e+01
3.9974e+01 4.6773e+01 4.8177e+01 5.1822e+01 4.1699e+01
3.5805e+01 4.3166e+01 5.1822e+01 4.1699e+01 1.8789e+01
4.0701e+01 4.1045e+01 4.1699e+01 1.8789e+01 3.5805e+01
4.0701e+01 4.2312e+01 1.8789e+01 3.5805e+01 3.9974e+01
4.6190e+01 3.9589e+01 3.5805e+01 3.9974e+01 2.8411e+01
4.7144e+01 4.1699e+01 3.9974e+01 2.8411e+01 5.0235e+01
5.4123e+01 5.5139e+01 2.8411e+01 5.0235e+01 5.6766e+01
4.8339e+01 5.3760e+01 5.0235e+01 5.6766e+01 5.4034e+01
5.2045e+01 4.5988e+01 5.6766e+01 5.4034e+01 5.0751e+01
5.0751e+01 4.5135e+01 5.4034e+01 5.0751e+01 5.7676e+01
5.2788e+01 4.8177e+01 5.0751e+01 5.7676e+01 4.6773e+01
4.3166e+01 5.1822e+01 5.7676e+01 4.6773e+01 5.1360e+01
4.6773e+01 4.1699e+01 4.6773e+01 5.1360e+01 4.6190e+01
4.3166e+01 1.8789e+01 5.1360e+01 4.6190e+01 3.3901e+01
4.1045e+01 3.5805e+01 4.6190e+01 3.3901e+01 3.0600e+01
4.2312e+01 3.9974e+01 3.3901e+01 3.0600e+01 8.0116e+00
3.9589e+01 2.8411e+01 3.0600e+01 8.0116e+00 4.5782e+01
4.1699e+01 5.0235e+01 8.0116e+00 4.5782e+01 4.1377e+01
5.5139e+01 5.6766e+01 4.5782e+01 4.1377e+01 5.4559e+01
5.3760e+01 5.4034e+01 4.1377e+01 5.4559e+01 4.7144e+01
4.5988e+01 5.0751e+01 5.4559e+01 4.7144e+01 5.1934e+01
4.5135e+01 5.7676e+01 4.7144e+01 5.1934e+01 4.2890e+01
4.8177e+01 4.6773e+01 5.1934e+01 4.2890e+01 4.1699e+01
5.1822e+01 5.1360e+01 4.2890e+01 4.1699e+01 4.5135e+01
4.1699e+01 4.6190e+01 4.1699e+01 4.5135e+01 3.9589e+01
1.8789e+01 3.3901e+01 4.5135e+01 3.9589e+01 4.9548e+01
3.5805e+01 3.0600e+01 3.9589e+01 4.9548e+01 2.1611e+01
3.9974e+01 8.0116e+00 4.9548e+01 2.1611e+01 4.5355e+01
2.8411e+01 4.5782e+01 2.1611e+01 4.5355e+01 3.7400e+01
5.0235e+01 4.1377e+01 4.5355e+01 3.7400e+01 3.9188e+01
5.6766e+01 5.4559e+01 3.7400e+01 3.9188e+01 4.9548e+01
5.4034e+01 4.7144e+01 3.9188e+01 4.9548e+01 4.9548e+01
5.0751e+01 5.1934e+01 4.9548e+01 4.9548e+01 4.9548e+01
5.7676e+01 4.2890e+01 4.9548e+01 4.9548e+01 6.2562e+01
4.6773e+01 4.1699e+01 4.9548e+01 6.2562e+01 4.1377e+01
5.1360e+01 4.5135e+01 6.2562e+01 4.1377e+01 4.9548e+01
4.6190e+01 3.9589e+01 4.1377e+01 4.9548e+01 1.4811e+01
3.3901e+01 4.9548e+01 4.9548e+01 1.4811e+01 4.9548e+01
3.0600e+01 2.1611e+01 1.4811e+01 4.9548e+01 4.9548e+01
8.0116e+00 4.5355e+01 4.9548e+01 4.9548e+01 3.6897e+01
4.5782e+01 3.7400e+01 4.9548e+01 3.6897e+01 3.6366e+01
4.1377e+01 3.9188e+01 3.6897e+01 3.6366e+01 3.3174e+01
5.4559e+01 4.9548e+01 3.6366e+01 3.3174e+01 4.9548e+01
4.7144e+01 4.9548e+01 3.3174e+01 4.9548e+01 4.4200e+01
5.1934e+01 4.9548e+01 4.9548e+01 4.4200e+01 4.9405e+01
4.2890e+01 6.2562e+01 4.4200e+01 4.9405e+01 4.9548e+01
4.1699e+01 4.1377e+01 4.9405e+01 4.9548e+01 3.6366e+01
4.5135e+01 4.9548e+01 4.9548e+01 3.6366e+01 4.8177e+01
3.9589e+01 1.4811e+01 3.6366e+01 4.8177e+01 3.3174e+01
4.9548e+01 4.9548e+01 4.8177e+01 3.3174e+01 5.1121e+01
2.1611e+01 4.9548e+01 3.3174e+01 5.1121e+01 3.1535e+01
4.5355e+01 3.6897e+01 5.1121e+01 3.1535e+01 4.9548e+01
3.7400e+01 3.6366e+01 3.1535e+01 4.9548e+01 4.9548e+01
3.9188e+01 3.3174e+01 4.9548e+01 4.9548e+01 6.0037e+01
4.9548e+01 4.9548e+01 4.9548e+01 6.0037e+01 4.9548e+01
4.9548e+01 4.4200e+01 6.0037e+01 4.9548e+01 4.9548e+01
4.9548e+01 4.9405e+01 4.9548e+01 4.9548e+01 5.8451e+01
6.2562e+01 4.9548e+01 4.9548e+01 5.8451e+01 4.9548e+01
4.1377e+01 3.6366e+01 5.8451e+01 4.9548e+01 6.3701e+01
4.9548e+01 4.8177e+01 4.9548e+01 6.3701e+01 4.2890e+01
1.4811e+01 3.3174e+01 6.3701e+01 4.2890e+01 3.9589e+01
4.9548e+01 5.1121e+01 4.2890e+01 3.9589e+01 4.9548e+01
4.9548e+01 3.1535e+01 3.9589e+01 4.9548e+01 4.9260e+01
3.6366e+01 4.9548e+01 4.9260e+01 4.5823e+01 4.5571e+01
3.3174e+01 6.0037e+01 4.5823e+01 4.5571e+01 4.9548e+01
4.9548e+01 4.9548e+01 4.5571e+01 4.9548e+01 4.9548e+01
4.4200e+01 4.9548e+01 4.9548e+01 4.9548e+01 4.9548e+01
4.9405e+01 5.8451e+01 4.9548e+01 4.9548e+01 4.9548e+01
4.9548e+01 4.9548e+01 4.9548e+01 4.9548e+01 4.9548e+01
3.6366e+01 6.3701e+01 4.9548e+01 4.9548e+01 4.9548e+01
4.8177e+01 4.2890e+01 4.9548e+01 4.9548e+01 3.9974e+01
3.3174e+01 3.9589e+01 4.9548e+01 3.9974e+01 4.9548e+01
5.1121e+01 4.9548e+01 3.9974e+01 4.9548e+01 2.8411e+01
3.1535e+01 4.9260e+01 4.9548e+01 2.8411e+01 4.9548e+01
4.9548e+01 4.5823e+01 2.8411e+01 4.9548e+01 2.1611e+01
4.9548e+01 4.5571e+01 4.9548e+01 2.1611e+01 4.5988e+01
6.0037e+01 4.9548e+01 2.1611e+01 4.5988e+01 4.4200e+01
4.9548e+01 4.9548e+01 4.5988e+01 4.4200e+01 3.8771e+01
3.6897e+01 4.9548e+01 4.9548e+01 4.9260e+01 4.5823e+01
